2.009166628122329712e-01
2.192166596651077271e-01
2.870666682720184326e-01
3.212000131607055664e-01
4.057666659355163574e-01
4.493333399295806885e-01
4.965833425521850586e-01
5.168666839599609375e-01
5.272333621978759766e-01
5.310666561126708984e-01
5.359666943550109863e-01
5.364500284194946289e-01
5.404166579246520996e-01
5.430166721343994141e-01
5.476833581924438477e-01
5.483499765396118164e-01
5.527333617210388184e-01
5.565500259399414062e-01
5.609499812126159668e-01
5.651166439056396484e-01
5.681999921798706055e-01
5.725666880607604980e-01
5.779500007629394531e-01
5.778999924659729004e-01
5.818833112716674805e-01
5.870166420936584473e-01
5.901333093643188477e-01
5.850999951362609863e-01
5.926333069801330566e-01
5.949666500091552734e-01
5.982333421707153320e-01
6.014833450317382812e-01
6.018666625022888184e-01
6.055666804313659668e-01
6.047999858856201172e-01
6.045333147048950195e-01
6.080333590507507324e-01
6.117333173751831055e-01
6.125500202178955078e-01
6.164333224296569824e-01
6.176000237464904785e-01
6.187999844551086426e-01
6.198999881744384766e-01
6.234166622161865234e-01
6.269666552543640137e-01
6.309999823570251465e-01
6.328499913215637207e-01
6.365500092506408691e-01
