2.697674512863159180e+00
2.215829610824584961e+00
1.916733503341674805e+00
1.638183474540710449e+00
1.474199533462524414e+00
1.340034484863281250e+00
1.249679327011108398e+00
1.189465045928955078e+00
1.145719051361083984e+00
1.110441446304321289e+00
1.084922432899475098e+00
1.057255148887634277e+00
1.039643049240112305e+00
1.023289799690246582e+00
1.009828090667724609e+00
9.977519512176513672e-01
9.892128109931945801e-01
9.775776267051696777e-01
9.685178399085998535e-01
9.579756259918212891e-01
9.480864405632019043e-01
9.381413459777832031e-01
9.271280765533447266e-01
9.154434800148010254e-01
9.062523245811462402e-01
8.982086181640625000e-01
8.946819305419921875e-01
8.871015906333923340e-01
8.776566386222839355e-01
8.699669241905212402e-01
8.676075935363769531e-01
8.587583303451538086e-01
8.608883619308471680e-01
8.586661815643310547e-01
8.499810695648193359e-01
8.425492048263549805e-01
8.370620012283325195e-01
8.290404677391052246e-01
8.315258622169494629e-01
8.283163309097290039e-01
8.321508169174194336e-01
8.339254260063171387e-01
8.288003206253051758e-01
8.202233314514160156e-01
8.053979873657226562e-01
7.967364192008972168e-01
7.904900908470153809e-01
7.842743396759033203e-01
7.813472151756286621e-01
7.791047096252441406e-01
7.743218541145324707e-01
7.707398533821105957e-01
7.643917202949523926e-01
7.592766284942626953e-01
7.549426555633544922e-01
7.540187239646911621e-01
