1.640407919883728027e+00
1.431150197982788086e+00
1.391231298446655273e+00
1.337050914764404297e+00
1.295340776443481445e+00
1.156734466552734375e+00
1.086222767829895020e+00
1.047366738319396973e+00
1.026251912117004395e+00
1.004788875579833984e+00
9.940157532691955566e-01
9.937664866447448730e-01
9.808300733566284180e-01
9.853879809379577637e-01
9.874273538589477539e-01
9.711520671844482422e-01
9.688228964805603027e-01
9.602006673812866211e-01
9.675241112709045410e-01
9.537562727928161621e-01
9.388009905815124512e-01
9.435902237892150879e-01
9.416573047637939453e-01
9.550504088401794434e-01
9.473905563354492188e-01
9.232075214385986328e-01
9.308064579963684082e-01
9.242786765098571777e-01
9.031252861022949219e-01
8.939074873924255371e-01
8.930413126945495605e-01
8.873879313468933105e-01
8.923925161361694336e-01
8.903934359550476074e-01
8.852002620697021484e-01
8.875029683113098145e-01
8.858152031898498535e-01
8.846079707145690918e-01
8.812212347984313965e-01
8.890977501869201660e-01
8.840305209159851074e-01
8.814508914947509766e-01
8.754377961158752441e-01
8.761923313140869141e-01
8.764793276786804199e-01
8.822403550148010254e-01
8.764497041702270508e-01
8.736349940299987793e-01
8.776440024375915527e-01
8.926159739494323730e-01
8.828148841857910156e-01
8.610638976097106934e-01
8.634434342384338379e-01
8.560302257537841797e-01
8.546442389488220215e-01
8.567118048667907715e-01
8.590797781944274902e-01
8.496417403221130371e-01
8.452710509300231934e-01
8.511716127395629883e-01
8.501394391059875488e-01
8.467378020286560059e-01
8.434444665908813477e-01
8.378216028213500977e-01
8.369523882865905762e-01
8.325192332267761230e-01
8.322330713272094727e-01
8.278503417968750000e-01
8.238185644149780273e-01
8.229397535324096680e-01
8.208444118499755859e-01
8.209095001220703125e-01
8.286257386207580566e-01
8.202105164527893066e-01
8.270966410636901855e-01
8.207429647445678711e-01
8.285403251647949219e-01
8.226304650306701660e-01
8.202636837959289551e-01
8.219163417816162109e-01
8.221720457077026367e-01
8.187703490257263184e-01
8.178386688232421875e-01
8.184586167335510254e-01
8.160747885704040527e-01
8.136730194091796875e-01
8.125560283660888672e-01
8.120349049568176270e-01
8.104513883590698242e-01
8.104369044303894043e-01
8.105192184448242188e-01
8.088573217391967773e-01
8.055424094200134277e-01
8.029380440711975098e-01
8.032864332199096680e-01
8.037396073341369629e-01
8.029351830482482910e-01
8.037123680114746094e-01
8.033266663551330566e-01
8.003817796707153320e-01
8.024469614028930664e-01
7.990721464157104492e-01
7.985481023788452148e-01
8.018501996994018555e-01
7.972539663314819336e-01
7.982182502746582031e-01
7.974656224250793457e-01
7.956948280334472656e-01
7.971699237823486328e-01
7.957413792610168457e-01
7.968172430992126465e-01
7.967128753662109375e-01
7.942792177200317383e-01
7.987994551658630371e-01
7.987118959426879883e-01
7.961509227752685547e-01
7.990754842758178711e-01
7.980815768241882324e-01
7.959156036376953125e-01
7.965066432952880859e-01
7.976801991462707520e-01
7.959364652633666992e-01
7.934933900833129883e-01
7.920630574226379395e-01
7.925058007240295410e-01
