2.714062631130218506e-01
3.200624883174896240e-01
3.294218778610229492e-01
3.633125126361846924e-01
3.850937485694885254e-01
4.664062559604644775e-01
4.908437430858612061e-01
5.047500133514404297e-01
5.113906264305114746e-01
5.223593711853027344e-01
5.292187333106994629e-01
5.289062261581420898e-01
5.386406183242797852e-01
5.386093854904174805e-01
5.380468964576721191e-01
5.441406369209289551e-01
5.465000271797180176e-01
5.496249794960021973e-01
5.442656278610229492e-01
5.529687404632568359e-01
5.593437552452087402e-01
5.580937266349792480e-01
5.606562495231628418e-01
5.515624880790710449e-01
5.562031269073486328e-01
5.645312666893005371e-01
5.610625147819519043e-01
5.638437271118164062e-01
5.734062790870666504e-01
5.751249790191650391e-01
5.758437514305114746e-01
5.779062509536743164e-01
5.768906474113464355e-01
5.786874890327453613e-01
5.802187323570251465e-01
5.784531235694885254e-01
5.794531106948852539e-01
5.800468921661376953e-01
5.819218754768371582e-01
5.798906087875366211e-01
5.838437676429748535e-01
5.831719040870666504e-01
5.851562619209289551e-01
5.859843492507934570e-01
5.867499709129333496e-01
5.858281254768371582e-01
5.880937576293945312e-01
5.906093716621398926e-01
5.885468721389770508e-01
5.822499990463256836e-01
5.863124728202819824e-01
5.949531197547912598e-01
5.949531197547912598e-01
5.960624814033508301e-01
5.980937480926513672e-01
5.987656116485595703e-01
5.962812304496765137e-01
6.015312671661376953e-01
6.026250123977661133e-01
5.992031097412109375e-01
6.011562347412109375e-01
6.025312542915344238e-01
6.046562790870666504e-01
6.062499880790710449e-01
6.081406474113464355e-01
6.092031002044677734e-01
6.077031493186950684e-01
6.115781068801879883e-01
6.094218492507934570e-01
6.108906269073486328e-01
6.109374761581420898e-01
6.140937209129333496e-01
6.113125085830688477e-01
6.122968792915344238e-01
6.117030978202819824e-01
6.121875047683715820e-01
6.098124980926513672e-01
6.127812266349792480e-01
6.144375205039978027e-01
6.134374737739562988e-01
6.140468716621398926e-01
6.142656207084655762e-01
6.145625114440917969e-01
6.177656054496765137e-01
6.150156259536743164e-01
6.173437237739562988e-01
6.176093816757202148e-01
6.169531345367431641e-01
6.154531240463256836e-01
6.205468773841857910e-01
6.180468797683715820e-01
6.193749904632568359e-01
6.195781230926513672e-01
6.201875209808349609e-01
6.205468773841857910e-01
6.204375028610229492e-01
6.200156211853027344e-01
6.208281517028808594e-01
6.220468878746032715e-01
6.219218969345092773e-01
6.232343912124633789e-01
6.221406459808349609e-01
6.229687333106994629e-01
6.217656135559082031e-01
6.260937452316284180e-01
6.212031245231628418e-01
6.256562471389770508e-01
6.240312457084655762e-01
6.243593692779541016e-01
6.244062781333923340e-01
6.236249804496765137e-01
6.243437528610229492e-01
6.247031092643737793e-01
6.236093640327453613e-01
6.245937347412109375e-01
6.252031326293945312e-01
6.249843835830688477e-01
6.236093640327453613e-01
6.244999766349792480e-01
6.252812743186950684e-01
6.233593821525573730e-01
6.239218711853027344e-01
6.257343888282775879e-01
6.265468597412109375e-01
6.289530992507934570e-01
