2.624843716621398926e-01
3.116250038146972656e-01
3.202187418937683105e-01
3.389531373977661133e-01
3.866562545299530029e-01
4.400312602519989014e-01
4.618749916553497314e-01
4.883906245231628418e-01
5.032187700271606445e-01
5.130156278610229492e-01
5.153437256813049316e-01
5.246562361717224121e-01
5.227344036102294922e-01
5.254218578338623047e-01
5.243906378746032715e-01
5.250937342643737793e-01
5.320937633514404297e-01
5.340155959129333496e-01
5.331875085830688477e-01
5.341562628746032715e-01
5.396093726158142090e-01
5.413281321525573730e-01
5.404375195503234863e-01
5.411875247955322266e-01
5.434218645095825195e-01
5.434218645095825195e-01
5.434062480926513672e-01
5.409687757492065430e-01
5.491406321525573730e-01
5.495468974113464355e-01
5.506093502044677734e-01
5.471093654632568359e-01
5.528749823570251465e-01
5.528749823570251465e-01
5.540937781333923340e-01
5.562499761581420898e-01
5.581562519073486328e-01
5.600000023841857910e-01
5.623593926429748535e-01
5.623750090599060059e-01
5.626562237739562988e-01
5.641562342643737793e-01
5.655156373977661133e-01
5.670156478881835938e-01
5.663281083106994629e-01
5.661249756813049316e-01
5.685312747955322266e-01
5.709531307220458984e-01
5.714687705039978027e-01
5.723437666893005371e-01
5.762968659400939941e-01
5.737812519073486328e-01
5.765781402587890625e-01
5.800937414169311523e-01
5.790937542915344238e-01
5.784531235694885254e-01
5.801093578338623047e-01
5.856406092643737793e-01
5.886406302452087402e-01
5.893750190734863281e-01
5.922343730926513672e-01
5.937656164169311523e-01
5.985937714576721191e-01
5.981093645095825195e-01
5.990156531333923340e-01
5.987656116485595703e-01
5.976094007492065430e-01
6.006406545639038086e-01
6.022343635559082031e-01
6.024531126022338867e-01
6.051874756813049316e-01
6.067968606948852539e-01
6.044218540191650391e-01
6.056093573570251465e-01
6.088281273841857910e-01
6.106406450271606445e-01
6.100312471389770508e-01
6.101718544960021973e-01
6.100000143051147461e-01
6.119218468666076660e-01
6.121562719345092773e-01
6.105625033378601074e-01
6.090312600135803223e-01
6.147500276565551758e-01
6.186718940734863281e-01
6.172656416893005371e-01
6.195312738418579102e-01
6.198593974113464355e-01
6.208750009536743164e-01
6.228281259536743164e-01
6.216718554496765137e-01
6.241093873977661133e-01
6.268749833106994629e-01
6.295312643051147461e-01
6.314843893051147461e-01
6.301406025886535645e-01
6.320468783378601074e-01
6.339531540870666504e-01
6.341093778610229492e-01
6.332343816757202148e-01
6.340937614440917969e-01
6.356874704360961914e-01
6.369062662124633789e-01
6.363437771797180176e-01
6.382187604904174805e-01
6.394062638282775879e-01
6.399999856948852539e-01
6.414843797683715820e-01
6.405781507492065430e-01
6.400781273841857910e-01
6.411250233650207520e-01
6.420937776565551758e-01
6.417968869209289551e-01
6.423749923706054688e-01
6.420468688011169434e-01
6.434218883514404297e-01
6.440156102180480957e-01
6.429530978202819824e-01
6.437031030654907227e-01
6.453281044960021973e-01
6.452812552452087402e-01
6.451093554496765137e-01
6.456249952316284180e-01
