1.673961043357849121e+00
1.473884224891662598e+00
1.409036397933959961e+00
1.386057853698730469e+00
1.319971561431884766e+00
1.183572530746459961e+00
1.127211332321166992e+00
1.078028321266174316e+00
1.041966199874877930e+00
1.023354768753051758e+00
1.008882880210876465e+00
9.914262890815734863e-01
9.883800745010375977e-01
9.840421080589294434e-01
9.809019565582275391e-01
9.741633534431457520e-01
9.667993187904357910e-01
9.639668464660644531e-01
9.582530856132507324e-01
9.565433859825134277e-01
9.514339566230773926e-01
9.471027255058288574e-01
9.489763379096984863e-01
9.494882225990295410e-01
9.432541728019714355e-01
9.393204450607299805e-01
9.427372813224792480e-01
9.448794722557067871e-01
9.341736435890197754e-01
9.347267746925354004e-01
9.389958977699279785e-01
9.398418068885803223e-01
9.313821792602539062e-01
9.297767877578735352e-01
9.295389652252197266e-01
9.267957210540771484e-01
9.269875884056091309e-01
9.242939949035644531e-01
9.181096553802490234e-01
9.222934246063232422e-01
9.179259538650512695e-01
9.119869470596313477e-01
9.117121100425720215e-01
9.109048843383789062e-01
9.198839664459228516e-01
9.189508557319641113e-01
9.068529605865478516e-01
9.031674265861511230e-01
9.021207690238952637e-01
9.019093513488769531e-01
8.961098194122314453e-01
8.990590572357177734e-01
8.945157527923583984e-01
8.889498114585876465e-01
8.883235454559326172e-01
8.926154375076293945e-01
8.864185810089111328e-01
8.716006875038146973e-01
8.690500855445861816e-01
8.667003512382507324e-01
8.604506254196166992e-01
8.588718771934509277e-01
8.536648750305175781e-01
8.527090549468994141e-01
8.527754545211791992e-01
8.562286496162414551e-01
8.560069203376770020e-01
8.491898775100708008e-01
8.487204313278198242e-01
8.459911346435546875e-01
8.441129326820373535e-01
8.419263958930969238e-01
8.440757393836975098e-01
8.419896364212036133e-01
8.374382853507995605e-01
8.407469391822814941e-01
8.403683304786682129e-01
8.378699421882629395e-01
8.411470651626586914e-01
8.409119844436645508e-01
8.401250839233398438e-01
8.453013896942138672e-01
8.482004404067993164e-01
8.365483880043029785e-01
8.299351930618286133e-01
8.288660049438476562e-01
8.245594501495361328e-01
8.247416615486145020e-01
8.238311409950256348e-01
8.219937086105346680e-01
8.219101428985595703e-01
8.167995810508728027e-01
8.101509809494018555e-01
8.081258535385131836e-01
8.057394027709960938e-01
8.035974502563476562e-01
8.033750653266906738e-01
8.014515638351440430e-01
7.993067502975463867e-01
7.995465993881225586e-01
7.992177605628967285e-01
7.994388937950134277e-01
7.951790094375610352e-01
7.930151224136352539e-01
7.922611236572265625e-01
7.898450493812561035e-01
7.892093658447265625e-01
7.885661721229553223e-01
7.863494157791137695e-01
7.890967130661010742e-01
7.873379588127136230e-01
7.855136394500732422e-01
7.846845388412475586e-01
7.843171954154968262e-01
7.832611203193664551e-01
7.824507355690002441e-01
7.825818061828613281e-01
7.869041562080383301e-01
7.845993041992187500e-01
7.828993797302246094e-01
7.828934192657470703e-01
7.811647653579711914e-01
7.800439000129699707e-01
