1.772362351417541504e+00
1.624882936477661133e+00
1.542131662368774414e+00
1.617028951644897461e+00
1.617753982543945312e+00
1.465767025947570801e+00
1.342935204505920410e+00
1.299762248992919922e+00
1.259151458740234375e+00
1.229342460632324219e+00
1.211117982864379883e+00
1.199307799339294434e+00
1.192367911338806152e+00
1.180714249610900879e+00
1.169992208480834961e+00
1.162976861000061035e+00
1.155932545661926270e+00
1.149021863937377930e+00
1.139642834663391113e+00
1.133048415184020996e+00
1.132049798965454102e+00
1.121814846992492676e+00
1.118903636932373047e+00
1.113588809967041016e+00
1.111933708190917969e+00
1.107207775115966797e+00
1.107334375381469727e+00
1.099434375762939453e+00
1.096007347106933594e+00
1.095144510269165039e+00
1.092126488685607910e+00
1.087601780891418457e+00
1.085691809654235840e+00
1.083724856376647949e+00
1.083129405975341797e+00
1.078269362449645996e+00
1.075455665588378906e+00
1.073762536048889160e+00
1.076097011566162109e+00
1.069374799728393555e+00
1.066657662391662598e+00
1.065767407417297363e+00
1.068989157676696777e+00
1.065002679824829102e+00
1.064101457595825195e+00
1.062634706497192383e+00
1.067028999328613281e+00
1.059071540832519531e+00
1.060426235198974609e+00
1.042654514312744141e+00
1.036657571792602539e+00
1.033478140830993652e+00
1.027527809143066406e+00
1.026269674301147461e+00
1.025302171707153320e+00
1.022815227508544922e+00
1.021248579025268555e+00
1.016782760620117188e+00
1.019236922264099121e+00
1.016395926475524902e+00
1.016539573669433594e+00
1.015504717826843262e+00
1.009917974472045898e+00
1.009593367576599121e+00
1.002366185188293457e+00
9.949936866760253906e-01
9.902150034904479980e-01
9.883238077163696289e-01
9.853389859199523926e-01
9.810992479324340820e-01
9.784544706344604492e-01
9.774535298347473145e-01
9.756546616554260254e-01
9.704901576042175293e-01
9.710224866867065430e-01
9.695658087730407715e-01
9.694238901138305664e-01
9.664202928543090820e-01
9.636356234550476074e-01
9.613669514656066895e-01
9.594326019287109375e-01
9.572141170501708984e-01
9.552624821662902832e-01
9.547055363655090332e-01
9.530923962593078613e-01
9.537760615348815918e-01
9.573107361793518066e-01
9.508975744247436523e-01
9.484656453132629395e-01
9.454551339149475098e-01
9.429906010627746582e-01
9.408755898475646973e-01
9.389541149139404297e-01
9.382342696189880371e-01
9.357802867889404297e-01
9.344407916069030762e-01
9.357494115829467773e-01
9.331054687500000000e-01
9.315300583839416504e-01
9.304420948028564453e-01
9.287200570106506348e-01
9.281861186027526855e-01
9.266981482505798340e-01
9.258747100830078125e-01
9.253931641578674316e-01
9.241828918457031250e-01
9.247265458106994629e-01
9.227194190025329590e-01
9.225692749023437500e-01
9.216149449348449707e-01
9.209770560264587402e-01
9.202748537063598633e-01
9.203155040740966797e-01
9.193220138549804688e-01
9.188528656959533691e-01
9.181894063949584961e-01
