2.171333283185958862e-01
2.422666698694229126e-01
2.779666781425476074e-01
2.122333347797393799e-01
2.147833406925201416e-01
3.094166815280914307e-01
3.757833242416381836e-01
3.964833319187164307e-01
4.166499972343444824e-01
4.346333444118499756e-01
4.415333271026611328e-01
4.461666643619537354e-01
4.502499997615814209e-01
4.548666775226593018e-01
4.598000049591064453e-01
4.629833400249481201e-01
4.650500118732452393e-01
4.715166687965393066e-01
4.745999872684478760e-01
4.789333343505859375e-01
4.781166613101959229e-01
4.830666780471801758e-01
4.844999909400939941e-01
4.855166673660278320e-01
4.877833425998687744e-01
4.924666583538055420e-01
4.918499886989593506e-01
4.942833185195922852e-01
4.964333474636077881e-01
4.979499876499176025e-01
5.000333189964294434e-01
5.023333430290222168e-01
5.039333105087280273e-01
5.035833120346069336e-01
5.038499832153320312e-01
5.066166520118713379e-01
5.064833164215087891e-01
5.105833411216735840e-01
5.087000131607055664e-01
5.119333267211914062e-01
5.126500129699707031e-01
5.120999813079833984e-01
5.131499767303466797e-01
5.156166553497314453e-01
5.162833333015441895e-01
5.178499817848205566e-01
5.145666599273681641e-01
5.198000073432922363e-01
5.185499787330627441e-01
5.287666916847229004e-01
5.332000255584716797e-01
5.344333052635192871e-01
5.362666845321655273e-01
5.372333526611328125e-01
5.373666882514953613e-01
5.408166646957397461e-01
5.410666465759277344e-01
5.431500077247619629e-01
5.450000166893005371e-01
5.450500249862670898e-01
5.458499789237976074e-01
5.472999811172485352e-01
5.497333407402038574e-01
5.500833392143249512e-01
5.549166798591613770e-01
5.585333108901977539e-01
5.597166419029235840e-01
5.588166713714599609e-01
5.607833266258239746e-01
5.656333565711975098e-01
5.668166875839233398e-01
5.667333602905273438e-01
5.693166851997375488e-01
5.716500282287597656e-01
5.702999830245971680e-01
5.716000199317932129e-01
5.714499950408935547e-01
5.735999941825866699e-01
5.747333168983459473e-01
5.764666795730590820e-01
5.771499872207641602e-01
5.799000263214111328e-01
5.814333558082580566e-01
5.814166665077209473e-01
5.823666453361511230e-01
5.824333429336547852e-01
5.787500143051147461e-01
5.833833217620849609e-01
5.840833187103271484e-01
5.860333442687988281e-01
5.882166624069213867e-01
5.886666774749755859e-01
5.902333259582519531e-01
5.907666683197021484e-01
5.913333296775817871e-01
5.920833349227905273e-01
5.930166840553283691e-01
5.945833325386047363e-01
5.963833332061767578e-01
5.962666869163513184e-01
5.956666469573974609e-01
5.974000096321105957e-01
5.979333519935607910e-01
5.988333225250244141e-01
5.988833308219909668e-01
6.004499793052673340e-01
6.003666520118713379e-01
5.996666550636291504e-01
6.006166934967041016e-01
6.028833389282226562e-01
6.005833148956298828e-01
6.022999882698059082e-01
6.028833389282226562e-01
6.028333306312561035e-01
6.034500002861022949e-01
6.035166382789611816e-01
