2.559531331062316895e-01
3.191249966621398926e-01
3.276562392711639404e-01
3.808749914169311523e-01
4.361406266689300537e-01
4.766249954700469971e-01
4.930781126022338867e-01
5.033281445503234863e-01
5.096562504768371582e-01
5.193125009536743164e-01
5.194218754768371582e-01
5.217499732971191406e-01
5.250156521797180176e-01
5.278280973434448242e-01
5.264219045639038086e-01
5.271718502044677734e-01
5.324062705039978027e-01
5.318906307220458984e-01
5.336406230926513672e-01
5.325468778610229492e-01
5.357656478881835938e-01
5.395468473434448242e-01
5.354531407356262207e-01
5.355937480926513672e-01
5.401406288146972656e-01
5.356405973434448242e-01
5.372655987739562988e-01
5.405468940734863281e-01
5.376406311988830566e-01
5.393124818801879883e-01
5.399374961853027344e-01
5.435937643051147461e-01
5.472343564033508301e-01
5.442968606948852539e-01
5.472499728202819824e-01
5.498124957084655762e-01
5.496093630790710449e-01
5.462031364440917969e-01
5.512968897819519043e-01
5.500468611717224121e-01
5.577968955039978027e-01
5.535781383514404297e-01
5.551718473434448242e-01
5.574062466621398926e-01
5.600312352180480957e-01
5.603437423706054688e-01
5.629687309265136719e-01
5.649218559265136719e-01
5.663594007492065430e-01
5.643905997276306152e-01
5.649687647819519043e-01
5.686874985694885254e-01
5.708906054496765137e-01
5.713124871253967285e-01
5.677968859672546387e-01
5.733281373977661133e-01
5.766875147819519043e-01
5.797500014305114746e-01
5.835156440734863281e-01
5.846562385559082031e-01
5.818906426429748535e-01
5.870468616485595703e-01
5.880312323570251465e-01
5.888749957084655762e-01
5.863124728202819824e-01
5.879062414169311523e-01
5.873906016349792480e-01
5.948437452316284180e-01
5.963749885559082031e-01
5.982656478881835938e-01
5.991562604904174805e-01
5.945000052452087402e-01
5.959062576293945312e-01
5.989062786102294922e-01
6.007343530654907227e-01
5.972499847412109375e-01
5.975000262260437012e-01
6.009062528610229492e-01
5.989062786102294922e-01
6.004218459129333496e-01
6.017812490463256836e-01
6.025937795639038086e-01
6.042500138282775879e-01
6.033124923706054688e-01
6.043124794960021973e-01
6.031249761581420898e-01
6.043906211853027344e-01
6.043906211853027344e-01
6.065468788146972656e-01
6.058750152587890625e-01
6.046406030654907227e-01
6.059687733650207520e-01
6.058124899864196777e-01
6.063905954360961914e-01
6.080155968666076660e-01
6.077031493186950684e-01
6.082343459129333496e-01
6.064687371253967285e-01
6.092500090599060059e-01
6.110937595367431641e-01
6.136718988418579102e-01
6.116874814033508301e-01
6.137343645095825195e-01
6.133124828338623047e-01
6.144843697547912598e-01
6.136875152587890625e-01
6.141874790191650391e-01
6.162031292915344238e-01
6.145156025886535645e-01
6.142812371253967285e-01
6.151875257492065430e-01
6.161093711853027344e-01
6.167343854904174805e-01
6.175312399864196777e-01
6.175156235694885254e-01
6.164844036102294922e-01
6.178437471389770508e-01
6.192968487739562988e-01
6.179218888282775879e-01
6.183124780654907227e-01
6.185937523841857910e-01
6.194687485694885254e-01
6.205937266349792480e-01
6.182031035423278809e-01
6.191406250000000000e-01
6.206874847412109375e-01
6.214374899864196777e-01
6.213593482971191406e-01
6.194375157356262207e-01
6.214687228202819824e-01
6.206562519073486328e-01
6.215780973434448242e-01
