1.666718006134033203e+00
1.428194046020507812e+00
1.394863843917846680e+00
1.313915491104125977e+00
1.186303019523620605e+00
1.106255173683166504e+00
1.074776291847229004e+00
1.038350105285644531e+00
1.019298434257507324e+00
9.926023483276367188e-01
9.927341938018798828e-01
9.806588292121887207e-01
9.724833965301513672e-01
9.698107838630676270e-01
9.742045402526855469e-01
9.637116193771362305e-01
9.598525166511535645e-01
9.563624262809753418e-01
9.606331586837768555e-01
9.593657255172729492e-01
9.523119926452636719e-01
9.510824680328369141e-01
9.513732194900512695e-01
9.558806419372558594e-01
9.494885802268981934e-01
9.551739096641540527e-01
9.507362842559814453e-01
9.506633877754211426e-01
9.578561186790466309e-01
9.578562378883361816e-01
9.591569304466247559e-01
9.518524408340454102e-01
9.474354386329650879e-01
9.534706473350524902e-01
9.461953043937683105e-01
9.462720155715942383e-01
9.402817487716674805e-01
9.558226466178894043e-01
9.425259828567504883e-01
9.490111470222473145e-01
9.301066994667053223e-01
9.479712247848510742e-01
9.410350322723388672e-01
9.316129684448242188e-01
9.341430664062500000e-01
9.292170405387878418e-01
9.309374094009399414e-01
9.205924868583679199e-01
9.128801226615905762e-01
9.234030246734619141e-01
9.196867942810058594e-01
9.153492450714111328e-01
9.069473743438720703e-01
9.049861431121826172e-01
9.142431020736694336e-01
9.067955613136291504e-01
8.912408351898193359e-01
8.859365582466125488e-01
8.783160448074340820e-01
8.767764568328857422e-01
8.795549869537353516e-01
8.733112215995788574e-01
8.751908540725708008e-01
8.764669299125671387e-01
8.841922283172607422e-01
8.760167360305786133e-01
8.774858117103576660e-01
8.627092838287353516e-01
8.606204390525817871e-01
8.545931577682495117e-01
8.568954467773437500e-01
8.634775876998901367e-01
8.594790697097778320e-01
8.563298583030700684e-01
8.535216450691223145e-01
8.588228821754455566e-01
8.563472628593444824e-01
8.522705435752868652e-01
8.555805087089538574e-01
8.529554009437561035e-01
8.514130115509033203e-01
8.475299477577209473e-01
8.474699258804321289e-01
8.486781120300292969e-01
8.455006480216979980e-01
8.456857800483703613e-01
8.465060591697692871e-01
8.438615798950195312e-01
8.450379967689514160e-01
8.445130586624145508e-01
8.455669879913330078e-01
8.419513106346130371e-01
8.420158624649047852e-01
8.418138027191162109e-01
8.417376279830932617e-01
8.375768661499023438e-01
8.384308218955993652e-01
8.383982181549072266e-01
8.337369561195373535e-01
8.301665186882019043e-01
8.297941088676452637e-01
8.266514539718627930e-01
8.255327343940734863e-01
8.261356949806213379e-01
8.245433568954467773e-01
8.224155306816101074e-01
8.224827647209167480e-01
8.205393552780151367e-01
8.196676969528198242e-01
8.226522207260131836e-01
8.217744827270507812e-01
8.195680379867553711e-01
8.181841969490051270e-01
8.169535398483276367e-01
8.155918121337890625e-01
8.151753544807434082e-01
8.155883550643920898e-01
8.142281770706176758e-01
8.140458464622497559e-01
8.144817948341369629e-01
8.131709098815917969e-01
8.127387762069702148e-01
8.114951848983764648e-01
8.108065724372863770e-01
8.099247813224792480e-01
8.097429275512695312e-01
8.101029396057128906e-01
8.099647760391235352e-01
8.089901804924011230e-01
8.087171912193298340e-01
8.078253269195556641e-01
8.076050877571105957e-01
