2.097343802452087402e-01
2.834687530994415283e-01
3.479999899864196777e-01
4.349687397480010986e-01
4.800625145435333252e-01
5.035781264305114746e-01
5.144843459129333496e-01
5.251406431198120117e-01
5.276250243186950684e-01
5.313593745231628418e-01
5.353906154632568359e-01
5.368906259536743164e-01
5.387031435966491699e-01
5.416874885559082031e-01
5.428281426429748535e-01
5.451874732971191406e-01
5.450624823570251465e-01
5.457187294960021973e-01
5.489687323570251465e-01
5.490624904632568359e-01
5.510937571525573730e-01
5.543906092643737793e-01
5.536562204360961914e-01
5.554843544960021973e-01
5.571718811988830566e-01
5.634062290191650391e-01
5.639843940734863281e-01
5.690156221389770508e-01
5.697812438011169434e-01
5.757187604904174805e-01
5.778281092643737793e-01
5.832656025886535645e-01
5.819687247276306152e-01
5.868437290191650391e-01
5.868906378746032715e-01
5.881562232971191406e-01
5.943437218666076660e-01
5.949687361717224121e-01
5.975156426429748535e-01
6.015625000000000000e-01
6.034530997276306152e-01
6.066562533378601074e-01
6.107187271118164062e-01
6.111719012260437012e-01
6.147187352180480957e-01
6.159062385559082031e-01
6.163281202316284180e-01
6.187187433242797852e-01
6.207812428474426270e-01
6.220937371253967285e-01
6.216250061988830566e-01
6.258906126022338867e-01
6.243906021118164062e-01
6.257343888282775879e-01
6.282187700271606445e-01
6.312343478202819824e-01
6.357187628746032715e-01
6.363593935966491699e-01
6.384218931198120117e-01
6.419687271118164062e-01
6.463750004768371582e-01
6.492343544960021973e-01
6.519374847412109375e-01
6.527343988418579102e-01
6.569218635559082031e-01
6.563749909400939941e-01
6.602656245231628418e-01
6.620625257492065430e-01
6.664375066757202148e-01
6.642187237739562988e-01
6.691094040870666504e-01
