2.614110708236694336e+00
2.127867221832275391e+00
1.872929573059082031e+00
1.600545048713684082e+00
1.435612797737121582e+00
1.312178134918212891e+00
1.233421206474304199e+00
1.173441767692565918e+00
1.132960319519042969e+00
1.099136948585510254e+00
1.071441769599914551e+00
1.049606561660766602e+00
1.031040668487548828e+00
1.016548395156860352e+00
1.002797245979309082e+00
9.924763441085815430e-01
9.848037362098693848e-01
9.749176502227783203e-01
9.677725434303283691e-01
9.626650214195251465e-01
9.558157324790954590e-01
9.495348334312438965e-01
9.431370496749877930e-01
9.391005039215087891e-01
9.337583780288696289e-01
9.246798157691955566e-01
9.183416962623596191e-01
9.136801958084106445e-01
9.071338772773742676e-01
8.978649377822875977e-01
8.925908207893371582e-01
8.820657730102539062e-01
8.826692700386047363e-01
8.726120591163635254e-01
8.716092109680175781e-01
8.728299140930175781e-01
8.587400913238525391e-01
8.557857275009155273e-01
8.533081412315368652e-01
8.435247540473937988e-01
8.359752297401428223e-01
8.291282057762145996e-01
8.240966200828552246e-01
8.218525052070617676e-01
8.153987526893615723e-01
8.115805983543395996e-01
8.122485876083374023e-01
8.037360906600952148e-01
8.024111390113830566e-01
8.036738038063049316e-01
7.982893586158752441e-01
7.977977395057678223e-01
7.976616621017456055e-01
7.965588569641113281e-01
7.954166531562805176e-01
7.890439629554748535e-01
7.798402905464172363e-01
7.816976308822631836e-01
7.773539423942565918e-01
7.679492831230163574e-01
7.578715085983276367e-01
7.519897818565368652e-01
7.449359893798828125e-01
7.417014837265014648e-01
7.368082404136657715e-01
7.344159483909606934e-01
7.282863855361938477e-01
7.228744029998779297e-01
7.179163098335266113e-01
7.110037207603454590e-01
7.074936628341674805e-01
