1.639369368553161621e+00
1.442702293395996094e+00
1.401453375816345215e+00
1.307666301727294922e+00
1.194488167762756348e+00
1.142528176307678223e+00
1.089851498603820801e+00
1.068701505661010742e+00
1.044323086738586426e+00
1.027100443840026855e+00
1.019596934318542480e+00
1.008381009101867676e+00
1.003392577171325684e+00
9.968932271003723145e-01
9.915083646774291992e-01
9.729641675949096680e-01
9.730464816093444824e-01
9.769178628921508789e-01
9.739086627960205078e-01
9.736261963844299316e-01
9.686384797096252441e-01
9.657099843025207520e-01
9.756324291229248047e-01
9.721808433532714844e-01
9.632544517517089844e-01
9.715662002563476562e-01
9.618349671363830566e-01
9.554845094680786133e-01
9.538223743438720703e-01
9.517257809638977051e-01
9.630154967308044434e-01
9.491150975227355957e-01
9.455690383911132812e-01
9.353586435317993164e-01
9.420851469039916992e-01
9.490219354629516602e-01
9.462498426437377930e-01
9.411950707435607910e-01
9.291998147964477539e-01
9.402362704277038574e-01
9.344019293785095215e-01
9.050830006599426270e-01
8.961130380630493164e-01
8.933973908424377441e-01
8.893835544586181641e-01
8.952105641365051270e-01
9.024274945259094238e-01
8.880249261856079102e-01
8.902713060379028320e-01
8.865889906883239746e-01
8.850036859512329102e-01
8.874154686927795410e-01
8.858386874198913574e-01
8.997588753700256348e-01
9.053833484649658203e-01
8.971557617187500000e-01
8.900543451309204102e-01
8.863182663917541504e-01
8.964570164680480957e-01
8.888821005821228027e-01
8.844509720802307129e-01
8.846140503883361816e-01
8.934266567230224609e-01
8.801971673965454102e-01
8.883169889450073242e-01
8.783166408538818359e-01
8.756704926490783691e-01
8.825231194496154785e-01
8.786690235137939453e-01
8.787581324577331543e-01
8.732245564460754395e-01
8.826175332069396973e-01
8.762618303298950195e-01
8.756088614463806152e-01
8.714067935943603516e-01
8.712663054466247559e-01
8.715556263923645020e-01
8.836614489555358887e-01
8.794302344322204590e-01
8.719426989555358887e-01
8.695448040962219238e-01
8.626129627227783203e-01
8.671703934669494629e-01
8.684888482093811035e-01
8.688895702362060547e-01
8.647019863128662109e-01
8.638945221900939941e-01
8.605986237525939941e-01
8.596013188362121582e-01
8.574987053871154785e-01
8.582019209861755371e-01
8.566318750381469727e-01
8.552738428115844727e-01
8.619343042373657227e-01
8.594291210174560547e-01
8.622120022773742676e-01
8.550285696983337402e-01
8.546062111854553223e-01
8.512503504753112793e-01
8.523436188697814941e-01
8.466845750808715820e-01
8.571088910102844238e-01
8.542333841323852539e-01
8.473601341247558594e-01
8.519371747970581055e-01
8.479182720184326172e-01
8.535843491554260254e-01
8.524798154830932617e-01
8.463137745857238770e-01
8.567613363265991211e-01
8.516090512275695801e-01
8.477113842964172363e-01
8.489170074462890625e-01
8.534179329872131348e-01
8.665325641632080078e-01
8.633430600166320801e-01
8.528895378112792969e-01
8.513956069946289062e-01
8.439912199974060059e-01
8.434909582138061523e-01
8.434009552001953125e-01
8.419654369354248047e-01
8.455116152763366699e-01
8.396033644676208496e-01
8.393580913543701172e-01
8.406329751014709473e-01
8.220649957656860352e-01
8.158224225044250488e-01
8.160834908485412598e-01
8.156815767288208008e-01
8.178247213363647461e-01
8.135898113250732422e-01
8.120790123939514160e-01
8.147169351577758789e-01
8.198515772819519043e-01
8.117437958717346191e-01
8.088751435279846191e-01
8.071286678314208984e-01
8.024577498435974121e-01
7.990456223487854004e-01
7.995583415031433105e-01
7.915064096450805664e-01
7.943742871284484863e-01
7.875952720642089844e-01
7.858616113662719727e-01
7.862451672554016113e-01
7.858626842498779297e-01
7.888407707214355469e-01
7.861729860305786133e-01
7.827475070953369141e-01
7.813899517059326172e-01
7.821541428565979004e-01
7.806199193000793457e-01
7.858525514602661133e-01
7.795239090919494629e-01
7.846684455871582031e-01
7.786116600036621094e-01
7.801485061645507812e-01
7.811501026153564453e-01
7.769654989242553711e-01
7.786792516708374023e-01
7.794927358627319336e-01
7.755256295204162598e-01
7.764486074447631836e-01
7.727651000022888184e-01
7.709584236145019531e-01
7.711746096611022949e-01
7.737852334976196289e-01
7.653520107269287109e-01
7.620847821235656738e-01
7.619911432266235352e-01
7.596468925476074219e-01
