2.787656188011169434e-01
3.220937550067901611e-01
3.537187576293945312e-01
3.919062614440917969e-01
4.301562607288360596e-01
4.573124945163726807e-01
4.848593771457672119e-01
4.920156300067901611e-01
5.039843916893005371e-01
5.077187418937683105e-01
5.129687786102294922e-01
5.169844031333923340e-01
5.197812318801879883e-01
5.189062356948852539e-01
5.227656364440917969e-01
5.315625071525573730e-01
5.318750143051147461e-01
5.287656188011169434e-01
5.338437557220458984e-01
5.356718897819519043e-01
5.344374775886535645e-01
5.356562733650207520e-01
5.354531407356262207e-01
5.364687442779541016e-01
5.408281087875366211e-01
5.400468707084655762e-01
5.439531207084655762e-01
5.460468530654907227e-01
5.460625290870666504e-01
5.480937361717224121e-01
5.487655997276306152e-01
5.503906011581420898e-01
5.544375181198120117e-01
5.594375133514404297e-01
5.569062232971191406e-01
5.528125166893005371e-01
5.517968535423278809e-01
5.589218735694885254e-01
5.603125095367431641e-01
5.550000071525573730e-01
5.605937242507934570e-01
5.721250176429748535e-01
5.764531493186950684e-01
5.766875147819519043e-01
5.773281455039978027e-01
5.769531130790710449e-01
5.747343897819519043e-01
5.813437700271606445e-01
5.808125138282775879e-01
5.793281197547912598e-01
5.809531211853027344e-01
5.842656493186950684e-01
5.838437676429748535e-01
5.796093940734863281e-01
5.761562585830688477e-01
5.824999809265136719e-01
5.853281021118164062e-01
5.848593711853027344e-01
5.815469026565551758e-01
5.863124728202819824e-01
5.867187380790710449e-01
5.860781073570251465e-01
5.841562747955322266e-01
5.916249752044677734e-01
5.874375104904174805e-01
5.911093950271606445e-01
5.924531221389770508e-01
5.913749933242797852e-01
5.928593873977661133e-01
5.921718478202819824e-01
5.942656397819519043e-01
5.919843912124633789e-01
5.955312252044677734e-01
5.931875109672546387e-01
5.963125228881835938e-01
5.981718897819519043e-01
5.990625023841857910e-01
5.956875085830688477e-01
5.968281030654907227e-01
6.006249785423278809e-01
6.004843711853027344e-01
6.047343611717224121e-01
6.017031073570251465e-01
6.014531254768371582e-01
6.054062247276306152e-01
6.048437356948852539e-01
6.058750152587890625e-01
6.074531078338623047e-01
6.085937619209289551e-01
6.098593473434448242e-01
6.086093783378601074e-01
6.121405959129333496e-01
6.115624904632568359e-01
6.102031469345092773e-01
6.114531159400939941e-01
6.113593578338623047e-01
6.124062538146972656e-01
6.141562461853027344e-01
6.162968873977661133e-01
6.162499785423278809e-01
6.184687614440917969e-01
6.168749928474426270e-01
6.169219017028808594e-01
6.184843778610229492e-01
6.187812685966491699e-01
6.184531450271606445e-01
6.192343831062316895e-01
6.193906068801879883e-01
6.221250295639038086e-01
6.169999837875366211e-01
6.229687333106994629e-01
6.228125095367431641e-01
6.230312585830688477e-01
6.211093664169311523e-01
6.169687509536743164e-01
6.192968487739562988e-01
6.243437528610229492e-01
6.229375004768371582e-01
6.270937323570251465e-01
6.280624866485595703e-01
6.277499794960021973e-01
6.288124918937683105e-01
6.287812590599060059e-01
6.297343969345092773e-01
6.314687728881835938e-01
6.315312385559082031e-01
6.417968869209289551e-01
6.436874866485595703e-01
6.443281173706054688e-01
6.459687352180480957e-01
6.470468640327453613e-01
6.465625166893005371e-01
6.486874818801879883e-01
6.477500200271606445e-01
6.463437676429748535e-01
6.488906145095825195e-01
6.507187485694885254e-01
6.517343521118164062e-01
6.543281078338623047e-01
6.576562523841857910e-01
6.565312743186950684e-01
6.597656011581420898e-01
6.592968702316284180e-01
6.625781059265136719e-01
6.634687781333923340e-01
6.623281240463256836e-01
6.656562685966491699e-01
6.628124713897705078e-01
6.652343869209289551e-01
6.659687757492065430e-01
6.677343845367431641e-01
6.677500009536743164e-01
6.688437461853027344e-01
6.673750281333923340e-01
6.695937514305114746e-01
6.670625209808349609e-01
6.710781455039978027e-01
6.708437204360961914e-01
6.705155968666076660e-01
6.705155968666076660e-01
6.718124747276306152e-01
6.717500090599060059e-01
6.735312342643737793e-01
6.735312342643737793e-01
6.741406321525573730e-01
6.764531135559082031e-01
6.753749847412109375e-01
6.741874814033508301e-01
6.773906350135803223e-01
6.783750057220458984e-01
6.800000071525573730e-01
6.796562671661376953e-01
