2.077666670083999634e-01
2.660333216190338135e-01
3.463666737079620361e-01
4.108000099658966064e-01
4.303666651248931885e-01
4.487499892711639404e-01
4.702666699886322021e-01
4.911333322525024414e-01
5.091833472251892090e-01
5.172833204269409180e-01
5.277500152587890625e-01
5.346000194549560547e-01
5.399333238601684570e-01
5.415333509445190430e-01
5.459666848182678223e-01
5.461833477020263672e-01
5.499500036239624023e-01
5.550500154495239258e-01
5.600166916847229004e-01
5.618333220481872559e-01
5.652333498001098633e-01
5.700500011444091797e-01
5.763666629791259766e-01
5.778166651725769043e-01
5.799000263214111328e-01
5.893833041191101074e-01
5.921000242233276367e-01
6.011666655540466309e-01
6.048166751861572266e-01
6.094499826431274414e-01
6.067166924476623535e-01
6.110666394233703613e-01
6.191499829292297363e-01
6.248499751091003418e-01
6.294166445732116699e-01
6.301833391189575195e-01
6.359999775886535645e-01
6.379166841506958008e-01
6.422500014305114746e-01
6.435333490371704102e-01
6.490833163261413574e-01
6.525999903678894043e-01
6.545833349227905273e-01
6.545500159263610840e-01
6.583999991416931152e-01
6.662666797637939453e-01
6.727666854858398438e-01
6.751499772071838379e-01
6.784999966621398926e-01
6.827999949455261230e-01
6.831666827201843262e-01
6.862333416938781738e-01
6.877499818801879883e-01
6.900500059127807617e-01
6.896499991416931152e-01
6.948333382606506348e-01
6.957166790962219238e-01
6.978166699409484863e-01
7.010499835014343262e-01
7.013666629791259766e-01
7.050166726112365723e-01
7.085166573524475098e-01
7.100166678428649902e-01
7.112166881561279297e-01
7.142666578292846680e-01
