2.864807605743408203e+00
2.214610099792480469e+00
1.964468002319335938e+00
1.769641876220703125e+00
1.657842755317687988e+00
1.575493693351745605e+00
1.504029393196105957e+00
1.443022608757019043e+00
1.390060424804687500e+00
1.344072341918945312e+00
1.310434103012084961e+00
1.281687974929809570e+00
1.260652303695678711e+00
1.243822813034057617e+00
1.228625893592834473e+00
1.216254472732543945e+00
1.205414056777954102e+00
1.193481922149658203e+00
1.183876514434814453e+00
1.174741625785827637e+00
1.166763901710510254e+00
1.159325838088989258e+00
1.152063488960266113e+00
1.144220471382141113e+00
1.140245318412780762e+00
1.128226518630981445e+00
1.121238946914672852e+00
1.111830592155456543e+00
1.102577686309814453e+00
1.097375273704528809e+00
1.101937532424926758e+00
1.095326542854309082e+00
1.087566614151000977e+00
1.076397657394409180e+00
1.071211695671081543e+00
1.069354653358459473e+00
1.060223340988159180e+00
1.056471943855285645e+00
1.050057172775268555e+00
1.052774786949157715e+00
1.046517968177795410e+00
1.039565086364746094e+00
1.042178988456726074e+00
1.042782306671142578e+00
1.037649154663085938e+00
1.022078752517700195e+00
1.014917850494384766e+00
1.009746432304382324e+00
1.005482912063598633e+00
9.996689558029174805e-01
9.990404248237609863e-01
9.945707321166992188e-01
9.933533072471618652e-01
9.884414672851562500e-01
9.881477355957031250e-01
9.854677915573120117e-01
9.818593263626098633e-01
9.785937666893005371e-01
9.773085713386535645e-01
9.775453805923461914e-01
9.712976813316345215e-01
9.657713174819946289e-01
9.641683101654052734e-01
9.605349898338317871e-01
9.571554064750671387e-01
