2.699414014816284180e+00
2.184195518493652344e+00
1.884859919548034668e+00
1.706587195396423340e+00
1.583064079284667969e+00
1.441671252250671387e+00
1.318564057350158691e+00
1.242539763450622559e+00
1.187461972236633301e+00
1.146213412284851074e+00
1.112098455429077148e+00
1.085599660873413086e+00
1.061762571334838867e+00
1.043867349624633789e+00
1.029799699783325195e+00
1.013380050659179688e+00
1.003769159317016602e+00
9.923085570335388184e-01
9.847885966300964355e-01
9.778993129730224609e-01
9.670418500900268555e-01
9.601051211357116699e-01
9.523940682411193848e-01
9.534615278244018555e-01
9.405764341354370117e-01
9.358970522880554199e-01
9.233519434928894043e-01
9.145431518554687500e-01
9.091233611106872559e-01
9.024496078491210938e-01
8.903214931488037109e-01
8.852268457412719727e-01
8.792054057121276855e-01
8.722469210624694824e-01
8.646246790885925293e-01
8.620775341987609863e-01
8.569638133049011230e-01
8.485745191574096680e-01
8.482928276062011719e-01
8.464611768722534180e-01
8.377465605735778809e-01
8.336786627769470215e-01
8.326678872108459473e-01
8.213548064231872559e-01
8.176152110099792480e-01
8.218139410018920898e-01
8.156855106353759766e-01
8.290770053863525391e-01
8.014090657234191895e-01
7.921194434165954590e-01
7.837463617324829102e-01
7.801123857498168945e-01
7.722460031509399414e-01
7.675157785415649414e-01
7.666125297546386719e-01
7.620502710342407227e-01
7.590460181236267090e-01
7.534376382827758789e-01
7.514927983283996582e-01
7.424337267875671387e-01
7.390518784523010254e-01
7.336820960044860840e-01
7.290678024291992188e-01
7.257355451583862305e-01
7.228307127952575684e-01
7.197117805480957031e-01
7.156643271446228027e-01
7.117381095886230469e-01
7.092512845993041992e-01
7.063964009284973145e-01
7.041891813278198242e-01
7.037197351455688477e-01
7.006222605705261230e-01
6.993057131767272949e-01
6.971611976623535156e-01
6.940444707870483398e-01
6.929872632026672363e-01
6.913224458694458008e-01
6.900354027748107910e-01
6.892833709716796875e-01
6.888107657432556152e-01
6.846176385879516602e-01
6.849593520164489746e-01
6.816087365150451660e-01
6.810556054115295410e-01
6.798691153526306152e-01
6.777124404907226562e-01
6.766533851623535156e-01
6.769081950187683105e-01
6.742187142372131348e-01
6.733793616294860840e-01
6.714855432510375977e-01
6.707701086997985840e-01
6.701271533966064453e-01
6.675460934638977051e-01
6.679056882858276367e-01
6.659041047096252441e-01
6.666328310966491699e-01
6.648300290107727051e-01
6.656181812286376953e-01
6.641384363174438477e-01
6.634649038314819336e-01
6.622690558433532715e-01
6.620563268661499023e-01
6.618809700012207031e-01
6.606082916259765625e-01
6.604533195495605469e-01
6.591266989707946777e-01
6.589059829711914062e-01
6.589292883872985840e-01
6.590746641159057617e-01
6.579750180244445801e-01
6.560306549072265625e-01
6.571685671806335449e-01
6.576777100563049316e-01
6.567863821983337402e-01
6.567283272743225098e-01
6.562880277633666992e-01
6.554427742958068848e-01
6.551904678344726562e-01
6.565935611724853516e-01
6.557554006576538086e-01
6.554657816886901855e-01
6.543369889259338379e-01
6.541548371315002441e-01
6.550518274307250977e-01
6.541404128074645996e-01
6.530369520187377930e-01
6.525839567184448242e-01
6.523378491401672363e-01
