2.090833336114883423e-01
2.857666611671447754e-01
3.753666579723358154e-01
4.067499935626983643e-01
4.306833446025848389e-01
4.709999859333038330e-01
5.081499814987182617e-01
5.185833573341369629e-01
5.235999822616577148e-01
5.300833582878112793e-01
5.331500172615051270e-01
5.355499982833862305e-01
5.379666686058044434e-01
5.400000214576721191e-01
5.414000153541564941e-01
5.427500009536743164e-01
5.454999804496765137e-01
5.486000180244445801e-01
5.483666658401489258e-01
5.472333431243896484e-01
5.525500178337097168e-01
5.544499754905700684e-01
5.567333102226257324e-01
5.548166632652282715e-01
5.605333447456359863e-01
5.608166456222534180e-01
5.673666596412658691e-01
5.704500079154968262e-01
5.733500123023986816e-01
5.775333046913146973e-01
5.825333595275878906e-01
5.850499868392944336e-01
5.837500095367431641e-01
5.888166427612304688e-01
5.945166945457458496e-01
5.965166687965393066e-01
5.981833338737487793e-01
6.021833419799804688e-01
6.016333103179931641e-01
6.035500168800354004e-01
6.070333123207092285e-01
6.103166937828063965e-01
6.113833189010620117e-01
6.159999966621398926e-01
6.197000145912170410e-01
6.199833154678344727e-01
6.208333373069763184e-01
6.186333298683166504e-01
6.301166415214538574e-01
6.347166895866394043e-01
6.374499797821044922e-01
6.396333575248718262e-01
6.430833339691162109e-01
6.467000246047973633e-01
6.499000191688537598e-01
6.513333320617675781e-01
6.533166766166687012e-01
6.570000052452087402e-01
6.583666801452636719e-01
6.623666882514953613e-01
6.647166609764099121e-01
6.681333184242248535e-01
6.692500114440917969e-01
6.718166470527648926e-01
6.736166477203369141e-01
6.774833202362060547e-01
6.781333088874816895e-01
6.805833578109741211e-01
6.810333132743835449e-01
6.825500130653381348e-01
6.842833161354064941e-01
6.866666674613952637e-01
6.854333281517028809e-01
6.864666938781738281e-01
6.878666877746582031e-01
6.890833377838134766e-01
6.887833476066589355e-01
6.909000277519226074e-01
6.925666928291320801e-01
6.927333474159240723e-01
6.931833624839782715e-01
6.935499906539916992e-01
6.933000087738037109e-01
6.953833103179931641e-01
6.947166919708251953e-01
6.973500251770019531e-01
6.973999738693237305e-01
6.978499889373779297e-01
6.986500024795532227e-01
6.995499730110168457e-01
6.977833509445190430e-01
7.006833553314208984e-01
7.007166743278503418e-01
7.008833289146423340e-01
7.012666463851928711e-01
7.027833461761474609e-01
7.021333575248718262e-01
7.019500136375427246e-01
7.051833271980285645e-01
7.025333046913146973e-01
7.049333453178405762e-01
7.046499848365783691e-01
7.045166492462158203e-01
7.054166793823242188e-01
7.072333097457885742e-01
7.051166892051696777e-01
7.059999704360961914e-01
7.069833278656005859e-01
7.051500082015991211e-01
7.063833475112915039e-01
7.057333588600158691e-01
7.067666649818420410e-01
7.083333134651184082e-01
7.071999907493591309e-01
7.070833444595336914e-01
7.073166370391845703e-01
7.079333066940307617e-01
7.078499794006347656e-01
7.083166837692260742e-01
7.077333331108093262e-01
7.081333398818969727e-01
7.081500291824340820e-01
7.092333436012268066e-01
7.095333337783813477e-01
7.092666625976562500e-01
7.085999846458435059e-01
7.091666460037231445e-01
7.097333073616027832e-01
7.100333571434020996e-01
7.096833586692810059e-01
