2.527833282947540283e-01
3.088000118732452393e-01
3.190333247184753418e-01
3.258666694164276123e-01
3.321666717529296875e-01
3.391833305358886719e-01
3.566666543483734131e-01
3.748833239078521729e-01
3.800666630268096924e-01
3.897833228111267090e-01
3.944833278656005859e-01
3.992833197116851807e-01
4.128166735172271729e-01
4.553833305835723877e-01
5.029833316802978516e-01
5.105666518211364746e-01
5.172166824340820312e-01
5.242333412170410156e-01
5.292000174522399902e-01
5.273166894912719727e-01
5.352166891098022461e-01
5.379499793052673340e-01
5.363666415214538574e-01
5.393999814987182617e-01
5.441833138465881348e-01
5.457333326339721680e-01
5.515499711036682129e-01
5.517666935920715332e-01
5.493333339691162109e-01
5.508999824523925781e-01
5.540333390235900879e-01
5.548833608627319336e-01
5.546666383743286133e-01
5.573666691780090332e-01
5.492333173751831055e-01
5.521000027656555176e-01
5.548666715621948242e-01
5.601666569709777832e-01
5.602833628654479980e-01
5.583999752998352051e-01
5.626333355903625488e-01
5.641166567802429199e-01
5.647000074386596680e-01
5.653333067893981934e-01
5.630333423614501953e-01
5.638833045959472656e-01
5.630333423614501953e-01
5.623999834060668945e-01
5.674333572387695312e-01
5.641166567802429199e-01
5.680999755859375000e-01
5.653333067893981934e-01
5.764166712760925293e-01
5.798500180244445801e-01
5.810333490371704102e-01
5.821499824523925781e-01
5.810999870300292969e-01
5.819500088691711426e-01
5.827999711036682129e-01
5.855166912078857422e-01
5.860499739646911621e-01
5.896499752998352051e-01
5.889833569526672363e-01
5.885166525840759277e-01
5.922499895095825195e-01
5.946999788284301758e-01
5.904666781425476074e-01
5.918666720390319824e-01
5.906000137329101562e-01
5.935166478157043457e-01
5.897333621978759766e-01
5.947166681289672852e-01
5.953999757766723633e-01
5.953666567802429199e-01
5.954166650772094727e-01
5.957999825477600098e-01
5.957999825477600098e-01
5.973833203315734863e-01
5.966500043869018555e-01
5.977833271026611328e-01
5.990333557128906250e-01
6.017000079154968262e-01
6.021999716758728027e-01
6.029833555221557617e-01
6.043999791145324707e-01
6.037166714668273926e-01
6.080333590507507324e-01
6.082166433334350586e-01
6.042500138282775879e-01
6.053333282470703125e-01
6.033333539962768555e-01
6.058666706085205078e-01
6.054166555404663086e-01
6.065666675567626953e-01
6.101999878883361816e-01
6.095499992370605469e-01
6.103666424751281738e-01
6.122833490371704102e-01
6.121833324432373047e-01
6.145333051681518555e-01
6.130333542823791504e-01
6.136333346366882324e-01
6.133499741554260254e-01
6.134999990463256836e-01
6.139333248138427734e-01
6.158333420753479004e-01
6.174666881561279297e-01
6.185833215713500977e-01
6.173833608627319336e-01
6.173833608627319336e-01
6.208666563034057617e-01
6.202333569526672363e-01
6.202499866485595703e-01
6.225166916847229004e-01
6.213166713714599609e-01
6.224666833877563477e-01
6.219666600227355957e-01
6.221333146095275879e-01
6.200166940689086914e-01
6.213999986648559570e-01
6.226999759674072266e-01
6.242333054542541504e-01
6.254666447639465332e-01
6.228666901588439941e-01
6.229500174522399902e-01
6.217499971389770508e-01
6.241333484649658203e-01
6.246333122253417969e-01
6.259833574295043945e-01
6.237666606903076172e-01
6.251500248908996582e-01
6.262166500091552734e-01
6.248499751091003418e-01
6.263833045959472656e-01
6.253833174705505371e-01
6.269000172615051270e-01
6.256833076477050781e-01
6.253499984741210938e-01
6.243833303451538086e-01
6.267666816711425781e-01
6.263666749000549316e-01
6.238333582878112793e-01
6.279166936874389648e-01
6.279333233833312988e-01
6.278333067893981934e-01
6.294999718666076660e-01
6.287666559219360352e-01
6.300833225250244141e-01
6.277833580970764160e-01
6.290333271026611328e-01
6.289166808128356934e-01
6.282166838645935059e-01
6.296833157539367676e-01
6.294333338737487793e-01
6.291999816894531250e-01
6.271666884422302246e-01
6.291499733924865723e-01
6.280999779701232910e-01
