1.732897281646728516e+00
1.479154825210571289e+00
1.407171010971069336e+00
1.377628684043884277e+00
1.369232296943664551e+00
1.371061801910400391e+00
1.346448183059692383e+00
1.311993718147277832e+00
1.304019570350646973e+00
1.307529926300048828e+00
1.285912275314331055e+00
1.274533867835998535e+00
1.268798828125000000e+00
1.197295665740966797e+00
1.088458657264709473e+00
1.068095564842224121e+00
1.050470948219299316e+00
1.044000864028930664e+00
1.019781589508056641e+00
1.027591347694396973e+00
1.015298843383789062e+00
1.006486296653747559e+00
1.009015202522277832e+00
9.916694164276123047e-01
9.772031903266906738e-01
9.829300642013549805e-01
9.707998037338256836e-01
9.760335683822631836e-01
9.731236696243286133e-01
9.663488268852233887e-01
9.648827910423278809e-01
9.557473063468933105e-01
9.582307934761047363e-01
9.593285918235778809e-01
9.793333411216735840e-01
9.822989702224731445e-01
9.661478996276855469e-01
9.525787234306335449e-01
9.486604332923889160e-01
9.597090482711791992e-01
9.456930756568908691e-01
9.394388198852539062e-01
9.411774277687072754e-01
9.363318085670471191e-01
9.342779517173767090e-01
9.397273659706115723e-01
9.505105614662170410e-01
9.463983178138732910e-01
9.357690811157226562e-01
9.507924914360046387e-01
9.340107440948486328e-01
9.372412562370300293e-01
9.118192791938781738e-01
9.052586555480957031e-01
9.001163244247436523e-01
9.036590456962585449e-01
9.006964564323425293e-01
9.007702469825744629e-01
9.044245481491088867e-01
8.962673544883728027e-01
8.936642408370971680e-01
8.937504291534423828e-01
8.920758962631225586e-01
8.891466856002807617e-01
8.883733749389648438e-01
8.839532136917114258e-01
8.867355585098266602e-01
8.825605511665344238e-01
8.878633975982666016e-01
8.874045610427856445e-01
8.867900371551513672e-01
8.812925815582275391e-01
8.842701315879821777e-01
8.802524805068969727e-01
8.803058862686157227e-01
8.818740248680114746e-01
8.776569366455078125e-01
8.737129569053649902e-01
8.801347017288208008e-01
8.775738477706909180e-01
8.719552755355834961e-01
8.680241703987121582e-01
8.670559525489807129e-01
8.630617856979370117e-01
8.580163121223449707e-01
8.579980731010437012e-01
8.575964570045471191e-01
8.548489212989807129e-01
8.596372604370117188e-01
8.595314621925354004e-01
8.625931739807128906e-01
8.642103075981140137e-01
8.598070144653320312e-01
8.565238714218139648e-01
8.494173288345336914e-01
8.493219017982482910e-01
8.476650118827819824e-01
8.436824083328247070e-01
8.456345200538635254e-01
8.398519754409790039e-01
8.429177999496459961e-01
8.431431651115417480e-01
8.434354662895202637e-01
8.408123254776000977e-01
8.364016413688659668e-01
8.338571786880493164e-01
8.318479061126708984e-01
8.301631808280944824e-01
8.303933143615722656e-01
8.296661972999572754e-01
8.274919390678405762e-01
8.260340690612792969e-01
8.287338614463806152e-01
8.267151713371276855e-01
8.249700665473937988e-01
8.239706754684448242e-01
8.249049186706542969e-01
8.237804174423217773e-01
8.273263573646545410e-01
8.266320824623107910e-01
8.257036209106445312e-01
8.240792155265808105e-01
8.226686120033264160e-01
8.238654732704162598e-01
8.236375451087951660e-01
8.202869296073913574e-01
8.201408386230468750e-01
8.204317688941955566e-01
8.209366798400878906e-01
8.195313811302185059e-01
8.188667893409729004e-01
8.178948163986206055e-01
8.180693984031677246e-01
8.170421719551086426e-01
8.166493773460388184e-01
8.165888190269470215e-01
8.167120218276977539e-01
8.160294294357299805e-01
8.161590099334716797e-01
8.157349228858947754e-01
8.145985603332519531e-01
8.138805627822875977e-01
8.138256072998046875e-01
8.139350414276123047e-01
8.134032487869262695e-01
8.128163218498229980e-01
8.126594424247741699e-01
8.121004104614257812e-01
8.122488260269165039e-01
8.113003969192504883e-01
8.116065263748168945e-01
8.112093210220336914e-01
8.104706406593322754e-01
8.111425042152404785e-01
8.103275895118713379e-01
8.114439249038696289e-01
8.106388449668884277e-01
8.106406927108764648e-01
