2.021833360195159912e-01
2.309166640043258667e-01
2.998000085353851318e-01
3.296166658401489258e-01
3.889166712760925293e-01
4.366999864578247070e-01
4.581166803836822510e-01
4.793666601181030273e-01
5.092833042144775391e-01
5.238666534423828125e-01
5.322166681289672852e-01
5.372166633605957031e-01
5.447999835014343262e-01
5.470666885375976562e-01
5.518000125885009766e-01
5.528166890144348145e-01
5.590500235557556152e-01
5.598166584968566895e-01
5.655166506767272949e-01
5.699499845504760742e-01
5.728833079338073730e-01
5.748999714851379395e-01
5.836166739463806152e-01
5.873333215713500977e-01
5.958999991416931152e-01
5.996500253677368164e-01
6.035166382789611816e-01
6.089000105857849121e-01
6.147500276565551758e-01
6.194999814033508301e-01
6.215500235557556152e-01
6.239166855812072754e-01
6.316000223159790039e-01
6.329666376113891602e-01
6.350833177566528320e-01
6.340666413307189941e-01
6.384500265121459961e-01
6.414999961853027344e-01
6.451500058174133301e-01
6.456333398818969727e-01
6.499666571617126465e-01
6.505833268165588379e-01
6.549666523933410645e-01
6.572833061218261719e-01
6.627833247184753418e-01
6.643666625022888184e-01
6.685666441917419434e-01
6.694666743278503418e-01
6.700500249862670898e-01
6.715666651725769043e-01
6.778333187103271484e-01
6.793666481971740723e-01
6.815333366394042969e-01
6.804166436195373535e-01
6.919000148773193359e-01
6.948000192642211914e-01
6.973833441734313965e-01
7.011166810989379883e-01
7.041166424751281738e-01
