4.679080009460449219e+00
3.706438779830932617e+00
3.338797569274902344e+00
3.145200490951538086e+00
2.926849365234375000e+00
2.681853294372558594e+00
2.550074815750122070e+00
2.445395946502685547e+00
2.334783315658569336e+00
2.243468046188354492e+00
2.185934782028198242e+00
2.142872095108032227e+00
2.106462240219116211e+00
2.078067779541015625e+00
2.054718017578125000e+00
2.034417390823364258e+00
2.012888193130493164e+00
1.999506592750549316e+00
1.982535123825073242e+00
1.966747522354125977e+00
1.951942205429077148e+00
1.941226005554199219e+00
1.921708226203918457e+00
1.907826423645019531e+00
1.891545653343200684e+00
1.880839228630065918e+00
1.869406461715698242e+00
1.857143759727478027e+00
1.843923211097717285e+00
1.834200382232666016e+00
1.830774784088134766e+00
1.825690627098083496e+00
1.809469938278198242e+00
1.801888942718505859e+00
1.791282176971435547e+00
1.798700213432312012e+00
1.787588357925415039e+00
1.777804374694824219e+00
1.774031996726989746e+00
1.771121501922607422e+00
1.759214401245117188e+00
1.756344676017761230e+00
1.741465091705322266e+00
1.739900231361389160e+00
1.721438050270080566e+00
1.712885856628417969e+00
1.708583831787109375e+00
1.704613447189331055e+00
1.701596856117248535e+00
1.696787476539611816e+00
1.685123801231384277e+00
1.671574115753173828e+00
1.670632600784301758e+00
1.680971384048461914e+00
1.636377692222595215e+00
1.632371425628662109e+00
1.621481895446777344e+00
1.609360933303833008e+00
1.605077862739562988e+00
