2.609696984291076660e-01
4.375075697898864746e-01
4.934848546981811523e-01
5.243030190467834473e-01
5.355984568595886230e-01
5.416287779808044434e-01
5.450000166893005371e-01
5.466818213462829590e-01
5.506591200828552246e-01
5.516287684440612793e-01
5.525606274604797363e-01
5.547727346420288086e-01
5.559242367744445801e-01
5.574772953987121582e-01
5.590151548385620117e-01
5.603485107421875000e-01
5.608257651329040527e-01
5.627954602241516113e-01
5.641136169433593750e-01
5.676439404487609863e-01
5.693636536598205566e-01
5.719166398048400879e-01
5.736742615699768066e-01
5.777803063392639160e-01
5.807726979255676270e-01
5.843409299850463867e-01
5.876893997192382812e-01
5.911363363265991211e-01
5.934014916419982910e-01
5.966666936874389648e-01
5.988257527351379395e-01
6.005227565765380859e-01
6.011742353439331055e-01
6.044621467590332031e-01
6.060681939125061035e-01
6.070681810379028320e-01
6.099242568016052246e-01
6.112121343612670898e-01
6.104772686958312988e-01
6.146742701530456543e-01
6.163257360458374023e-01
6.170530319213867188e-01
6.197045445442199707e-01
6.200378537178039551e-01
6.214242577552795410e-01
6.214469671249389648e-01
6.245075464248657227e-01
6.273636221885681152e-01
6.271363496780395508e-01
6.281666755676269531e-01
6.285530328750610352e-01
6.312954425811767578e-01
6.330075860023498535e-01
6.312121152877807617e-01
6.357197165489196777e-01
6.351439356803894043e-01
6.442499756813049316e-01
6.475909352302551270e-01
6.495682001113891602e-01
6.517575979232788086e-01
6.541818380355834961e-01
6.549848318099975586e-01
6.547726988792419434e-01
6.571666598320007324e-01
6.563030481338500977e-01
6.591060757637023926e-01
6.594318151473999023e-01
6.608484983444213867e-01
6.610227227210998535e-01
6.631363630294799805e-01
6.627500057220458984e-01
6.644772887229919434e-01
6.661060452461242676e-01
6.718106269836425781e-01
6.739621162414550781e-01
6.739621162414550781e-01
6.764166951179504395e-01
6.778560876846313477e-01
6.784242391586303711e-01
6.788030266761779785e-01
6.795985102653503418e-01
6.805984973907470703e-01
6.803863644599914551e-01
6.826136112213134766e-01
6.831969618797302246e-01
6.830605864524841309e-01
6.837272644042968750e-01
6.840757727622985840e-01
6.847651600837707520e-01
6.879014968872070312e-01
6.872045397758483887e-01
6.861136555671691895e-01
6.878939270973205566e-01
6.878257393836975098e-01
6.889318227767944336e-01
6.892575621604919434e-01
6.899015307426452637e-01
6.913939118385314941e-01
6.922045350074768066e-01
6.913787722587585449e-01
6.936136484146118164e-01
6.914166808128356934e-01
6.935908794403076172e-01
6.929242610931396484e-01
6.938636302947998047e-01
6.972424387931823730e-01
6.986136436462402344e-01
6.994923949241638184e-01
7.002575993537902832e-01
7.019696831703186035e-01
7.029393911361694336e-01
7.019545435905456543e-01
7.029469609260559082e-01
7.033257484436035156e-01
7.040302753448486328e-01
7.045757770538330078e-01
7.049924135208129883e-01
7.042196989059448242e-01
7.056742310523986816e-01
7.054318189620971680e-01
7.057121396064758301e-01
7.066515088081359863e-01
7.073257565498352051e-01
7.061287760734558105e-01
7.068560719490051270e-01
7.054091095924377441e-01
7.068257331848144531e-01
7.073939442634582520e-01
7.077424526214599609e-01
7.090454697608947754e-01
7.103636264801025391e-01
7.117424011230468750e-01
7.134394049644470215e-01
7.113409042358398438e-01
7.124090790748596191e-01
7.124772667884826660e-01
7.145530581474304199e-01
7.120227217674255371e-01
7.126591205596923828e-01
7.133409380912780762e-01
7.156590819358825684e-01
7.161893844604492188e-01
7.162348628044128418e-01
7.154015302658081055e-01
7.163257598876953125e-01
7.154848575592041016e-01
7.160075902938842773e-01
7.151287794113159180e-01
7.154924273490905762e-01
7.168636322021484375e-01
7.168030142784118652e-01
7.171818017959594727e-01
7.169924378395080566e-01
7.167500257492065430e-01
7.184394001960754395e-01
7.172197103500366211e-01
7.182803153991699219e-01
7.179090976715087891e-01
7.179697155952453613e-01
7.185909152030944824e-01
7.174999713897705078e-01
7.180908918380737305e-01
7.190985083580017090e-01
7.186742424964904785e-01
7.192121148109436035e-01
7.195606231689453125e-01
7.186742424964904785e-01
7.199015021324157715e-01
7.185454368591308594e-01
7.179772853851318359e-01
7.193030118942260742e-01
7.190605998039245605e-01
7.196363806724548340e-01
7.202802896499633789e-01
7.189394235610961914e-01
7.201742529869079590e-01
7.193257808685302734e-01
7.178333401679992676e-01
7.184621095657348633e-01
7.201439142227172852e-01
7.199318408966064453e-01
7.193939685821533203e-01
7.182651758193969727e-01
7.205454707145690918e-01
7.186893820762634277e-01
7.205757498741149902e-01
7.192348241806030273e-01
7.186363339424133301e-01
7.187802791595458984e-01
7.191666960716247559e-01
7.203939557075500488e-01
7.209166884422302246e-01
7.200530171394348145e-01
7.191212177276611328e-01
7.192272543907165527e-01
7.206969857215881348e-01
7.196666598320007324e-01
7.201060652732849121e-01
7.204318046569824219e-01
7.190909385681152344e-01
7.197348475456237793e-01
7.193939685821533203e-01
7.201666831970214844e-01
7.183105945587158203e-01
7.199394106864929199e-01
7.214090824127197266e-01
7.201515436172485352e-01
7.206666469573974609e-01
7.199772596359252930e-01
7.205908894538879395e-01
7.202424407005310059e-01
7.201969623565673828e-01
