2.798567771911621094e+00
1.993347764015197754e+00
1.705138802528381348e+00
1.541677951812744141e+00
1.449706077575683594e+00
1.395705103874206543e+00
1.356795430183410645e+00
1.330711126327514648e+00
1.309015035629272461e+00
1.292915701866149902e+00
1.280158758163452148e+00
1.269167900085449219e+00
1.259343266487121582e+00
1.251161932945251465e+00
1.242793917655944824e+00
1.235659599304199219e+00
1.228733539581298828e+00
1.221755146980285645e+00
1.213667511940002441e+00
1.204679727554321289e+00
1.198150396347045898e+00
1.189239382743835449e+00
1.179309964179992676e+00
1.165652632713317871e+00
1.153952598571777344e+00
1.141918420791625977e+00
1.129710793495178223e+00
1.115715622901916504e+00
1.107552528381347656e+00
1.098758339881896973e+00
1.089145660400390625e+00
1.079675912857055664e+00
1.075959086418151855e+00
1.064910888671875000e+00
1.060115814208984375e+00
1.053477406501770020e+00
1.048153519630432129e+00
1.042984604835510254e+00
1.043661236763000488e+00
1.032701373100280762e+00
1.027586936950683594e+00
1.023520946502685547e+00
1.019235968589782715e+00
1.013529658317565918e+00
1.012938022613525391e+00
1.010779976844787598e+00
1.003300666809082031e+00
9.972585439682006836e-01
9.930366873741149902e-01
9.950060248374938965e-01
9.925268292427062988e-01
9.841509461402893066e-01
9.801518321037292480e-01
9.832382202148437500e-01
9.736639261245727539e-01
9.747552871704101562e-01
9.456557631492614746e-01
9.350262880325317383e-01
9.285813570022583008e-01
9.236435890197753906e-01
9.183712601661682129e-01
9.125420451164245605e-01
9.111787080764770508e-01
9.078515172004699707e-01
9.037540555000305176e-01
9.018909931182861328e-01
8.997676372528076172e-01
8.944709897041320801e-01
8.930276632308959961e-01
8.917019367218017578e-01
8.911998271942138672e-01
8.840577006340026855e-01
8.814123868942260742e-01
8.663655519485473633e-01
8.564563393592834473e-01
8.527719974517822266e-01
8.503695726394653320e-01
8.455831408500671387e-01
8.439542055130004883e-01
8.430734872817993164e-01
8.392589092254638672e-01
8.350107073783874512e-01
8.332762718200683594e-01
8.335914611816406250e-01
8.299517631530761719e-01
8.284872174263000488e-01
8.258025050163269043e-01
8.249127268791198730e-01
8.235337138175964355e-01
8.217629790306091309e-01
8.183339238166809082e-01
8.193592429161071777e-01
8.172830939292907715e-01
8.156048655509948730e-01
8.121685385704040527e-01
8.113439679145812988e-01
8.087669014930725098e-01
8.068658113479614258e-01
8.053407669067382812e-01
8.051577210426330566e-01
8.032143712043762207e-01
8.031260967254638672e-01
7.985793948173522949e-01
7.989791035652160645e-01
7.971290946006774902e-01
7.871080040931701660e-01
7.825772166252136230e-01
7.781372070312500000e-01
7.780579924583435059e-01
7.766723036766052246e-01
7.753440141677856445e-01
7.732369899749755859e-01
7.731824517250061035e-01
7.717193961143493652e-01
7.699521780014038086e-01
7.694091796875000000e-01
7.683234810829162598e-01
7.673780322074890137e-01
7.653692364692687988e-01
7.648229002952575684e-01
7.634393572807312012e-01
7.634235620498657227e-01
7.608212828636169434e-01
7.615457773208618164e-01
7.594839334487915039e-01
7.610518336296081543e-01
7.589597105979919434e-01
7.570606470108032227e-01
7.568238377571105957e-01
7.544568777084350586e-01
7.488496899604797363e-01
7.460285425186157227e-01
7.425876855850219727e-01
7.443095445632934570e-01
7.428062558174133301e-01
7.429070472717285156e-01
7.406404018402099609e-01
7.421548366546630859e-01
7.406831383705139160e-01
7.391213774681091309e-01
7.346650362014770508e-01
7.348579168319702148e-01
7.336731553077697754e-01
7.331862449645996094e-01
7.313844561576843262e-01
7.317385077476501465e-01
7.312847971916198730e-01
7.325110435485839844e-01
7.310479879379272461e-01
7.305244803428649902e-01
7.301879525184631348e-01
7.278223633766174316e-01
7.294995188713073730e-01
7.292873263359069824e-01
7.274517416954040527e-01
7.257719635963439941e-01
7.240718007087707520e-01
7.231929898262023926e-01
7.238970398902893066e-01
7.239457964897155762e-01
7.248165011405944824e-01
7.233635783195495605e-01
7.239261269569396973e-01
7.223086953163146973e-01
7.208479642868041992e-01
7.200673222541809082e-01
7.221339941024780273e-01
7.206644415855407715e-01
7.215279340744018555e-01
7.220783829689025879e-01
7.209675908088684082e-01
7.205438613891601562e-01
7.194072604179382324e-01
7.204811573028564453e-01
7.186837792396545410e-01
7.196727991104125977e-01
7.190688848495483398e-01
7.209888696670532227e-01
7.194493412971496582e-01
7.173744440078735352e-01
7.183824777603149414e-01
7.186767458915710449e-01
7.189024090766906738e-01
7.183701395988464355e-01
7.180292606353759766e-01
7.183716893196105957e-01
7.193942070007324219e-01
7.189934849739074707e-01
7.181274294853210449e-01
7.196004390716552734e-01
7.175405621528625488e-01
7.187919020652770996e-01
7.178781032562255859e-01
7.185526490211486816e-01
7.175686955451965332e-01
7.178767919540405273e-01
7.179732322692871094e-01
7.177065014839172363e-01
7.177513837814331055e-01
7.181068658828735352e-01
7.182385325431823730e-01
7.175989747047424316e-01
7.167714238166809082e-01
7.179671525955200195e-01
7.187704443931579590e-01
7.157151699066162109e-01
7.186185121536254883e-01
7.172888517379760742e-01
7.163256406784057617e-01
7.174907326698303223e-01
7.172721624374389648e-01
7.163721919059753418e-01
