2.628166675567626953e-01
3.131000101566314697e-01
3.178499937057495117e-01
3.299500048160552979e-01
3.639999926090240479e-01
4.273500144481658936e-01
4.660166800022125244e-01
5.004833340644836426e-01
5.105333328247070312e-01
5.224499702453613281e-01
5.231000185012817383e-01
5.293166637420654297e-01
5.329333543777465820e-01
5.345000028610229492e-01
5.346500277519226074e-01
5.391166806221008301e-01
5.423333048820495605e-01
5.450999736785888672e-01
5.442666411399841309e-01
5.464833378791809082e-01
5.483499765396118164e-01
5.526666641235351562e-01
5.571333169937133789e-01
5.533499717712402344e-01
5.560166835784912109e-01
5.527833104133605957e-01
5.560833215713500977e-01
5.564666390419006348e-01
5.569166541099548340e-01
5.586000084877014160e-01
5.637500286102294922e-01
5.630166530609130859e-01
5.600666403770446777e-01
5.634333491325378418e-01
5.638833045959472656e-01
5.673833489418029785e-01
5.705166459083557129e-01
5.681166648864746094e-01
5.696833133697509766e-01
5.695666670799255371e-01
5.730999708175659180e-01
5.766166448593139648e-01
5.720333456993103027e-01
5.766333341598510742e-01
5.764499902725219727e-01
5.694166421890258789e-01
5.756333470344543457e-01
5.743666887283325195e-01
5.794666409492492676e-01
5.780500173568725586e-01
5.804166793823242188e-01
5.838833451271057129e-01
5.823833346366882324e-01
5.875333547592163086e-01
5.889333486557006836e-01
5.928166508674621582e-01
5.917166471481323242e-01
5.967500209808349609e-01
5.949833393096923828e-01
5.989000201225280762e-01
5.968999862670898438e-01
5.979833602905273438e-01
5.997666716575622559e-01
6.000333428382873535e-01
6.007833480834960938e-01
5.989166498184204102e-01
5.988000035285949707e-01
6.016833186149597168e-01
6.044166684150695801e-01
6.079000234603881836e-01
6.068500280380249023e-01
6.109499931335449219e-01
6.096500158309936523e-01
6.114500164985656738e-01
6.074166893959045410e-01
6.060500144958496094e-01
6.088500022888183594e-01
6.067666411399841309e-01
6.070166826248168945e-01
6.118333339691162109e-01
6.154833436012268066e-01
6.148499846458435059e-01
6.192333102226257324e-01
6.193666458129882812e-01
6.180999875068664551e-01
6.207166910171508789e-01
6.226000189781188965e-01
6.218166947364807129e-01
6.243666410446166992e-01
6.230499744415283203e-01
6.267499923706054688e-01
6.257500052452087402e-01
6.262666583061218262e-01
6.263499855995178223e-01
6.286000013351440430e-01
6.305666565895080566e-01
6.283333301544189453e-01
6.278499960899353027e-01
6.310666799545288086e-01
6.318833231925964355e-01
