1.692054152488708496e+00
1.496968269348144531e+00
1.447010993957519531e+00
1.410014748573303223e+00
1.351740837097167969e+00
1.220267891883850098e+00
1.127693533897399902e+00
1.055409550666809082e+00
1.027982234954833984e+00
9.945525527000427246e-01
9.854688644409179688e-01
9.660618305206298828e-01
9.563317894935607910e-01
9.576361775398254395e-01
9.521614313125610352e-01
9.436403512954711914e-01
9.367744326591491699e-01
9.357689023017883301e-01
9.345771670341491699e-01
9.313743114471435547e-01
9.263558983802795410e-01
9.220615029335021973e-01
9.179259538650512695e-01
9.239599704742431641e-01
9.191696643829345703e-01
9.250771403312683105e-01
9.188237190246582031e-01
9.193816184997558594e-01
9.237966537475585938e-01
9.160331487655639648e-01
9.112170338630676270e-01
9.163106083869934082e-01
9.256324172019958496e-01
9.150442481040954590e-01
9.122660756111145020e-01
9.045127630233764648e-01
9.010382294654846191e-01
9.055783748626708984e-01
9.095270633697509766e-01
8.999542593955993652e-01
8.943750262260437012e-01
8.907520771026611328e-01
9.011899828910827637e-01
8.889470696449279785e-01
8.928152322769165039e-01
9.109393954277038574e-01
9.001424908638000488e-01
8.935108780860900879e-01
8.915213346481323242e-01
8.890584707260131836e-01
8.882187008857727051e-01
8.804798126220703125e-01
8.852163553237915039e-01
8.703041076660156250e-01
8.659202456474304199e-01
8.574865460395812988e-01
8.586687445640563965e-01
8.540741801261901855e-01
8.524023294448852539e-01
8.460836410522460938e-01
8.516894578933715820e-01
8.469578623771667480e-01
8.477379679679870605e-01
8.476804494857788086e-01
8.471677899360656738e-01
8.482231497764587402e-01
8.549069762229919434e-01
8.507886528968811035e-01
8.409456610679626465e-01
8.366811871528625488e-01
8.344271779060363770e-01
8.316591382026672363e-01
8.347126841545104980e-01
8.312059044837951660e-01
8.506818413734436035e-01
8.499991297721862793e-01
8.446978330612182617e-01
8.428809046745300293e-01
8.450669646263122559e-01
8.334044814109802246e-01
8.257181048393249512e-01
8.219461441040039062e-01
8.190030455589294434e-01
8.170065283775329590e-01
8.181291222572326660e-01
8.146920800209045410e-01
8.110719919204711914e-01
8.115543723106384277e-01
8.124349117279052734e-01
8.109253644943237305e-01
8.087369799613952637e-01
8.055351972579956055e-01
8.069163560867309570e-01
8.039061427116394043e-01
8.006907701492309570e-01
8.021960854530334473e-01
8.004046678543090820e-01
7.988446354866027832e-01
7.964282631874084473e-01
7.948463559150695801e-01
