1.748086690902709961e+00
1.539593100547790527e+00
1.445961833000183105e+00
1.326181769371032715e+00
1.228128075599670410e+00
1.209181547164916992e+00
1.160265684127807617e+00
1.138205170631408691e+00
1.127566456794738770e+00
1.088139772415161133e+00
1.039436817169189453e+00
1.019319415092468262e+00
9.999164938926696777e-01
9.855677485466003418e-01
9.823250770568847656e-01
9.732978940010070801e-01
9.636883735656738281e-01
9.556540250778198242e-01
9.486824870109558105e-01
9.527021050453186035e-01
9.539440274238586426e-01
9.460889101028442383e-01
9.437683224678039551e-01
9.377560019493103027e-01
9.360561370849609375e-01
9.344882965087890625e-01
9.291127324104309082e-01
9.364314079284667969e-01
9.318174123764038086e-01
9.271439909934997559e-01
9.312602877616882324e-01
9.290996193885803223e-01
9.308155179023742676e-01
9.240344166755676270e-01
9.231042861938476562e-01
9.212169051170349121e-01
9.206460714340209961e-01
9.207118749618530273e-01
9.219781756401062012e-01
9.221146702766418457e-01
9.195645451545715332e-01
9.117016792297363281e-01
9.158082008361816406e-01
9.128903746604919434e-01
9.096696972846984863e-01
9.151736497879028320e-01
9.085820317268371582e-01
9.031959176063537598e-01
9.026220440864562988e-01
9.022732377052307129e-01
9.007483720779418945e-01
8.928962349891662598e-01
8.871873617172241211e-01
8.925809264183044434e-01
8.905201554298400879e-01
8.885070085525512695e-01
8.825576901435852051e-01
8.867040872573852539e-01
8.779070973396301270e-01
8.773922920227050781e-01
8.715046644210815430e-01
8.613632917404174805e-01
8.546210527420043945e-01
8.553723096847534180e-01
8.500756621360778809e-01
8.427346348762512207e-01
8.424438238143920898e-01
8.353043198585510254e-01
8.294246196746826172e-01
8.234674334526062012e-01
8.222612142562866211e-01
8.208331465721130371e-01
8.146457076072692871e-01
8.081012368202209473e-01
8.046441674232482910e-01
8.019039630889892578e-01
7.945424914360046387e-01
8.036366701126098633e-01
7.891052365303039551e-01
7.876344323158264160e-01
7.849159240722656250e-01
7.872997522354125977e-01
7.803607583045959473e-01
7.701955437660217285e-01
7.762907147407531738e-01
7.637213468551635742e-01
7.718325257301330566e-01
7.757347822189331055e-01
7.695955038070678711e-01
7.655412554740905762e-01
7.531200647354125977e-01
7.419351935386657715e-01
7.104994654655456543e-01
6.966131329536437988e-01
6.903955936431884766e-01
6.837602853775024414e-01
6.702641844749450684e-01
6.728642582893371582e-01
6.620695590972900391e-01
6.593477725982666016e-01
6.563382744789123535e-01
6.563529372215270996e-01
6.494636535644531250e-01
6.636217236518859863e-01
6.482418775558471680e-01
6.535918116569519043e-01
6.392970681190490723e-01
6.193522810935974121e-01
6.060562133789062500e-01
5.915502309799194336e-01
5.902164578437805176e-01
5.814659595489501953e-01
5.740004181861877441e-01
5.682350993156433105e-01
5.658380389213562012e-01
5.671045184135437012e-01
5.718346834182739258e-01
5.656666159629821777e-01
5.775405764579772949e-01
5.754208564758300781e-01
5.601294636726379395e-01
5.497550964355468750e-01
5.414790511131286621e-01
5.340843796730041504e-01
5.622983574867248535e-01
5.475469827651977539e-01
5.339224338531494141e-01
5.262444615364074707e-01
5.227061510086059570e-01
5.130233168601989746e-01
5.062066316604614258e-01
5.025957822799682617e-01
4.971021115779876709e-01
4.916590750217437744e-01
4.909296035766601562e-01
4.957313239574432373e-01
4.899414777755737305e-01
4.972603321075439453e-01
4.910339415073394775e-01
5.130413770675659180e-01
4.947867095470428467e-01
4.810660779476165771e-01
4.735185205936431885e-01
4.683823585510253906e-01
4.620125591754913330e-01
4.573846161365509033e-01
4.536012113094329834e-01
4.468759894371032715e-01
4.424403309822082520e-01
4.412174522876739502e-01
4.382152557373046875e-01
4.353630840778350830e-01
4.327928125858306885e-01
4.290620088577270508e-01
4.699087142944335938e-01
4.568643867969512939e-01
4.472955465316772461e-01
4.404922127723693848e-01
4.362901449203491211e-01
4.312264621257781982e-01
4.268013238906860352e-01
4.243046045303344727e-01
4.202911257743835449e-01
4.172653555870056152e-01
4.149549007415771484e-01
4.122907519340515137e-01
4.081303775310516357e-01
4.064228534698486328e-01
4.041940569877624512e-01
4.298745393753051758e-01
4.255331158638000488e-01
4.188036918640136719e-01
4.149521291255950928e-01
4.126385748386383057e-01
4.104374647140502930e-01
4.074405133724212646e-01
4.047190248966217041e-01
4.026246666908264160e-01
4.004507064819335938e-01
3.986035287380218506e-01
3.963036537170410156e-01
3.945209085941314697e-01
3.925061523914337158e-01
3.913283348083496094e-01
4.078725278377532959e-01
4.014270603656768799e-01
3.990387320518493652e-01
3.967849910259246826e-01
3.947095572948455811e-01
3.929007947444915771e-01
3.902998566627502441e-01
3.896779119968414307e-01
3.881600201129913330e-01
3.873312175273895264e-01
3.867824673652648926e-01
3.850700855255126953e-01
3.829472661018371582e-01
3.827363252639770508e-01
3.812794089317321777e-01
3.857470154762268066e-01
3.829454481601715088e-01
3.821908235549926758e-01
3.808942139148712158e-01
3.804310858249664307e-01
3.781139254570007324e-01
3.777637183666229248e-01
3.768445253372192383e-01
3.758156597614288330e-01
3.753170967102050781e-01
