2.639666795730590820e-01
3.126166760921478271e-01
3.108333349227905273e-01
3.456499874591827393e-01
3.887000083923339844e-01
4.211333394050598145e-01
4.561333358287811279e-01
4.979666769504547119e-01
5.063333511352539062e-01
5.116166472434997559e-01
5.135499835014343262e-01
5.150333046913146973e-01
5.177833437919616699e-01
5.230500102043151855e-01
5.215666890144348145e-01
5.310166478157043457e-01
5.293666720390319824e-01
5.288333296775817871e-01
5.286666750907897949e-01
5.315999984741210938e-01
5.330833196640014648e-01
5.367500185966491699e-01
5.392666459083557129e-01
5.395666956901550293e-01
5.352500081062316895e-01
5.399000048637390137e-01
5.443500280380249023e-01
5.461833477020263672e-01
5.468500256538391113e-01
5.476666688919067383e-01
5.481333136558532715e-01
5.501999855041503906e-01
5.494666695594787598e-01
5.498333573341369629e-01
5.524833202362060547e-01
5.515166521072387695e-01
5.564000010490417480e-01
5.567499995231628418e-01
5.558666586875915527e-01
5.566833615303039551e-01
5.613666772842407227e-01
5.629166960716247559e-01
5.630999803543090820e-01
5.613166689872741699e-01
5.632166862487792969e-01
5.623499751091003418e-01
5.633166432380676270e-01
5.634999871253967285e-01
5.650666952133178711e-01
5.698666572570800781e-01
5.694166421890258789e-01
5.671333074569702148e-01
5.679166913032531738e-01
5.723166465759277344e-01
5.696833133697509766e-01
5.689833164215087891e-01
5.714333057403564453e-01
5.730833411216735840e-01
5.692166686058044434e-01
5.678499937057495117e-01
5.640166401863098145e-01
5.697500109672546387e-01
5.750166773796081543e-01
5.753333568572998047e-01
5.787666440010070801e-01
5.821166634559631348e-01
5.792999863624572754e-01
5.825333595275878906e-01
5.807333588600158691e-01
5.835999846458435059e-01
5.831666588783264160e-01
5.847833156585693359e-01
5.876166820526123047e-01
5.839333534240722656e-01
5.871666669845581055e-01
5.879166722297668457e-01
5.851666927337646484e-01
5.899333357810974121e-01
5.904499888420104980e-01
5.896333456039428711e-01
5.923833250999450684e-01
5.949000120162963867e-01
5.975833535194396973e-01
5.978999733924865723e-01
5.941833257675170898e-01
6.013166904449462891e-01
6.032999753952026367e-01
6.011166572570800781e-01
6.013666391372680664e-01
6.049166917800903320e-01
5.990333557128906250e-01
6.068500280380249023e-01
6.084666848182678223e-01
6.112166643142700195e-01
6.094333529472351074e-01
6.172666549682617188e-01
6.108999848365783691e-01
6.164000034332275391e-01
6.173499822616577148e-01
6.162166595458984375e-01
6.201999783515930176e-01
6.218666434288024902e-01
6.219833493232727051e-01
6.216833591461181641e-01
6.216333508491516113e-01
6.274999976158142090e-01
6.369833350181579590e-01
6.405666470527648926e-01
6.447833180427551270e-01
6.432833075523376465e-01
6.440833210945129395e-01
6.471833586692810059e-01
6.492000222206115723e-01
6.506833434104919434e-01
6.503333449363708496e-01
6.538666486740112305e-01
6.533833146095275879e-01
6.561999917030334473e-01
6.572499871253967285e-01
6.594499945640563965e-01
6.583166718482971191e-01
6.622999906539916992e-01
6.642666459083557129e-01
6.672666668891906738e-01
6.673499941825866699e-01
6.703833341598510742e-01
6.700000166893005371e-01
6.699166893959045410e-01
6.702166795730590820e-01
6.710333228111267090e-01
6.739833354949951172e-01
6.732833385467529297e-01
6.732166409492492676e-01
6.773166656494140625e-01
6.757000088691711426e-01
6.758499741554260254e-01
6.776666641235351562e-01
6.797333359718322754e-01
6.797666549682617188e-01
6.799333095550537109e-01
6.819999814033508301e-01
6.804166436195373535e-01
6.809999942779541016e-01
6.822500228881835938e-01
6.824499964714050293e-01
6.823666691780090332e-01
6.836333274841308594e-01
6.849666833877563477e-01
6.852499842643737793e-01
6.858666539192199707e-01
6.848666667938232422e-01
6.861000061035156250e-01
6.865833401679992676e-01
6.866166591644287109e-01
6.878833174705505371e-01
6.870666742324829102e-01
6.879666447639465332e-01
6.879000067710876465e-01
6.897666454315185547e-01
6.883666515350341797e-01
6.902666687965393066e-01
6.897166371345520020e-01
