2.052380889654159546e-01
2.171904742717742920e-01
2.580952346324920654e-01
3.287619054317474365e-01
3.820476233959197998e-01
4.596666693687438965e-01
4.899523854255676270e-01
5.178571343421936035e-01
5.321905016899108887e-01
5.520476102828979492e-01
5.658095479011535645e-01
5.782856941223144531e-01
6.008571386337280273e-01
6.096190214157104492e-01
6.192857027053833008e-01
6.233333349227905273e-01
6.295238137245178223e-01
6.346190571784973145e-01
6.340000033378601074e-01
6.393809318542480469e-01
6.439999938011169434e-01
6.440952420234680176e-01
6.451428532600402832e-01
6.482381224632263184e-01
6.512857079505920410e-01
6.520952582359313965e-01
6.556666493415832520e-01
6.479047536849975586e-01
6.586666703224182129e-01
6.554762125015258789e-01
6.593809723854064941e-01
6.618095040321350098e-01
6.649047732353210449e-01
6.676666736602783203e-01
6.761428713798522949e-01
6.751428842544555664e-01
6.779047846794128418e-01
6.778095364570617676e-01
6.770952343940734863e-01
6.838571429252624512e-01
6.888095140457153320e-01
6.892380714416503906e-01
6.883333325386047363e-01
6.884762048721313477e-01
6.865714192390441895e-01
6.915237903594970703e-01
6.961428523063659668e-01
6.957619190216064453e-01
7.042381167411804199e-01
7.038094997406005859e-01
7.060475945472717285e-01
7.085714340209960938e-01
7.105714082717895508e-01
7.131904959678649902e-01
7.118571400642395020e-01
7.134761810302734375e-01
7.139047384262084961e-01
7.183333039283752441e-01
7.218095064163208008e-01
7.177143096923828125e-01
7.214285731315612793e-01
7.204762101173400879e-01
7.193333506584167480e-01
7.244762182235717773e-01
7.245714068412780762e-01
7.277143001556396484e-01
7.301904559135437012e-01
7.273809313774108887e-01
7.291428446769714355e-01
7.284285426139831543e-01
7.291428446769714355e-01
7.272381186485290527e-01
7.333333492279052734e-01
7.310952544212341309e-01
7.335714101791381836e-01
7.288095355033874512e-01
7.343809604644775391e-01
7.349047660827636719e-01
7.301904559135437012e-01
7.339047789573669434e-01
7.334285974502563477e-01
7.372381091117858887e-01
7.381904721260070801e-01
7.335237860679626465e-01
7.372857332229614258e-01
