2.565894365310668945e+00
2.253112792968750000e+00
2.104907274246215820e+00
1.871527314186096191e+00
1.644744038581848145e+00
1.496601223945617676e+00
1.308684587478637695e+00
1.198264360427856445e+00
1.120375633239746094e+00
1.059581160545349121e+00
1.013348340988159180e+00
9.670357108116149902e-01
9.369632601737976074e-01
9.035083651542663574e-01
8.743334412574768066e-01
8.548721075057983398e-01
8.359348177909851074e-01
8.168833851814270020e-01
8.065692782402038574e-01
7.988831996917724609e-01
7.742230296134948730e-01
7.711859941482543945e-01
7.610391974449157715e-01
7.630756497383117676e-01
7.534275650978088379e-01
7.536285519599914551e-01
7.432979941368103027e-01
7.423112988471984863e-01
7.376998662948608398e-01
7.318418025970458984e-01
7.181857228279113770e-01
7.145677208900451660e-01
7.102621197700500488e-01
6.999462246894836426e-01
6.947142481803894043e-01
6.883062124252319336e-01
6.888986229896545410e-01
6.759535670280456543e-01
6.678656935691833496e-01
6.629043221473693848e-01
6.632258892059326172e-01
6.544418334960937500e-01
6.310348510742187500e-01
6.232215166091918945e-01
6.195079684257507324e-01
6.130983829498291016e-01
6.066895723342895508e-01
6.021890044212341309e-01
5.964367985725402832e-01
5.823092460632324219e-01
5.813614130020141602e-01
5.736915469169616699e-01
5.700277686119079590e-01
5.625256896018981934e-01
5.602914094924926758e-01
5.504947900772094727e-01
5.473474264144897461e-01
5.382378697395324707e-01
5.375344753265380859e-01
5.348869562149047852e-01
5.325414538383483887e-01
5.253284573554992676e-01
5.185016989707946777e-01
5.156839489936828613e-01
5.136592984199523926e-01
5.115906596183776855e-01
5.062787532806396484e-01
5.042346715927124023e-01
5.094581246376037598e-01
5.025359988212585449e-01
4.982022345066070557e-01
4.977359175682067871e-01
4.888239502906799316e-01
4.926101565361022949e-01
4.875834584236145020e-01
4.872387051582336426e-01
4.838702082633972168e-01
4.759689867496490479e-01
4.709395468235015869e-01
4.684651196002960205e-01
4.709835350513458252e-01
4.666344523429870605e-01
4.664823710918426514e-01
4.652706086635589600e-01
4.613562226295471191e-01
4.646957218647003174e-01
4.603114724159240723e-01
4.574958086013793945e-01
4.537009298801422119e-01
4.531944394111633301e-01
4.511795341968536377e-01
4.504949748516082764e-01
4.526174664497375488e-01
4.525708854198455811e-01
4.500956237316131592e-01
4.491643309593200684e-01
4.476609528064727783e-01
4.435963928699493408e-01
4.462391734123229980e-01
4.459514915943145752e-01
4.457197189331054688e-01
4.441503584384918213e-01
4.427318274974822998e-01
4.439363479614257812e-01
4.433847665786743164e-01
4.440591633319854736e-01
4.427610337734222412e-01
