1.640816450119018555e+00
1.453126311302185059e+00
1.404817342758178711e+00
1.329811453819274902e+00
1.178722381591796875e+00
1.107485294342041016e+00
1.068629980087280273e+00
1.050252079963684082e+00
1.032777905464172363e+00
1.026740193367004395e+00
1.009629368782043457e+00
1.011911749839782715e+00
9.937852621078491211e-01
9.976336956024169922e-01
9.856998324394226074e-01
9.842062592506408691e-01
9.811197519302368164e-01
9.665020704269409180e-01
9.626163244247436523e-01
9.574869275093078613e-01
9.521594643592834473e-01
9.542681574821472168e-01
9.494819641113281250e-01
9.564326405525207520e-01
9.422128796577453613e-01
9.497982859611511230e-01
9.468557834625244141e-01
9.460247159004211426e-01
9.373475909233093262e-01
9.293461441993713379e-01
9.277745485305786133e-01
9.229322671890258789e-01
9.130964279174804688e-01
9.141713380813598633e-01
9.285595417022705078e-01
9.146276116371154785e-01
9.091557860374450684e-01
9.159088134765625000e-01
9.066206812858581543e-01
9.162123799324035645e-01
9.176464676856994629e-01
9.114926457405090332e-01
8.975633382797241211e-01
8.979861736297607422e-01
8.997821807861328125e-01
9.001880884170532227e-01
8.974959850311279297e-01
8.970776796340942383e-01
8.901783227920532227e-01
8.937951922416687012e-01
8.861166834831237793e-01
8.996253609657287598e-01
8.923531770706176758e-01
8.878927230834960938e-01
8.930028080940246582e-01
8.814040422439575195e-01
8.959558606147766113e-01
8.708733916282653809e-01
8.580971956253051758e-01
8.623527288436889648e-01
8.545067310333251953e-01
8.553688526153564453e-01
8.530129790306091309e-01
8.563213348388671875e-01
8.486784100532531738e-01
8.539708256721496582e-01
8.431069850921630859e-01
8.503582477569580078e-01
8.429097533226013184e-01
8.406363129615783691e-01
8.439527153968811035e-01
8.587350249290466309e-01
8.676344156265258789e-01
8.591749072074890137e-01
8.453404903411865234e-01
8.411352634429931641e-01
8.394101858139038086e-01
8.341464996337890625e-01
8.291913270950317383e-01
8.266295790672302246e-01
8.260511755943298340e-01
8.229836225509643555e-01
8.298224210739135742e-01
8.299642205238342285e-01
8.302602767944335938e-01
8.270024061203002930e-01
8.207547664642333984e-01
8.161838054656982422e-01
8.197157382965087891e-01
8.228214979171752930e-01
8.224982023239135742e-01
8.146624565124511719e-01
8.122295141220092773e-01
8.072564005851745605e-01
8.040519952774047852e-01
8.020577430725097656e-01
