2.758833467960357666e-01
3.210499882698059082e-01
3.396833240985870361e-01
3.853999972343444824e-01
4.491499960422515869e-01
4.781500101089477539e-01
4.969166815280914307e-01
5.031499862670898438e-01
5.098833441734313965e-01
5.162166953086853027e-01
5.210333466529846191e-01
5.215166807174682617e-01
5.300833582878112793e-01
5.279833078384399414e-01
5.346333384513854980e-01
5.373333096504211426e-01
5.357333421707153320e-01
5.437833070755004883e-01
5.486666560173034668e-01
5.495833158493041992e-01
5.524666905403137207e-01
5.525833368301391602e-01
5.562999844551086426e-01
5.558000206947326660e-01
5.579833388328552246e-01
5.586166381835937500e-01
5.590000152587890625e-01
5.604833364486694336e-01
5.628333091735839844e-01
5.667499899864196777e-01
5.675666928291320801e-01
5.715833306312561035e-01
5.738833546638488770e-01
5.753499865531921387e-01
5.707833170890808105e-01
5.739166736602783203e-01
5.794500112533569336e-01
5.760666728019714355e-01
5.794666409492492676e-01
5.801833271980285645e-01
5.802999734878540039e-01
5.822333097457885742e-01
5.866333246231079102e-01
5.866833329200744629e-01
5.892333388328552246e-01
5.857166647911071777e-01
5.900999903678894043e-01
5.903833508491516113e-01
5.947166681289672852e-01
5.931833386421203613e-01
5.953999757766723633e-01
5.941666960716247559e-01
5.938833355903625488e-01
5.964333415031433105e-01
5.950999855995178223e-01
6.019999980926513672e-01
5.939166545867919922e-01
6.024333238601684570e-01
6.078833341598510742e-01
6.055999994277954102e-01
6.107666492462158203e-01
6.103166937828063965e-01
6.105333566665649414e-01
6.093833446502685547e-01
6.140166521072387695e-01
6.111666560173034668e-01
6.157000064849853516e-01
6.161000132560729980e-01
6.149333119392395020e-01
6.169833540916442871e-01
6.165000200271606445e-01
6.113166809082031250e-01
6.126999855041503906e-01
6.128833293914794922e-01
6.179833412170410156e-01
6.180333495140075684e-01
6.183166503906250000e-01
6.212166547775268555e-01
6.228833198547363281e-01
6.229666471481323242e-01
6.240666508674621582e-01
6.270333528518676758e-01
6.240833401679992676e-01
6.256333589553833008e-01
6.219499707221984863e-01
6.248000264167785645e-01
6.265000104904174805e-01
6.290833353996276855e-01
6.290833353996276855e-01
6.272000074386596680e-01
6.287166476249694824e-01
6.299833059310913086e-01
6.341500282287597656e-01
6.330666542053222656e-01
6.332666873931884766e-01
6.345666646957397461e-01
