1.764235377311706543e+00
1.542400360107421875e+00
1.465010762214660645e+00
1.441115498542785645e+00
1.428233504295349121e+00
1.417877316474914551e+00
1.386673808097839355e+00
1.360173940658569336e+00
1.346428394317626953e+00
1.326278209686279297e+00
1.312334775924682617e+00
1.293144941329956055e+00
1.276414752006530762e+00
1.267998814582824707e+00
1.257291555404663086e+00
1.251101016998291016e+00
1.241460919380187988e+00
1.236999630928039551e+00
1.221705436706542969e+00
1.214784264564514160e+00
1.204743385314941406e+00
1.200646877288818359e+00
1.199099779129028320e+00
1.193030357360839844e+00
1.175954222679138184e+00
1.173868775367736816e+00
1.172059297561645508e+00
1.163619875907897949e+00
1.169107675552368164e+00
1.165145158767700195e+00
1.156129956245422363e+00
1.148582458496093750e+00
1.146218180656433105e+00
1.154443979263305664e+00
1.146267533302307129e+00
1.145478248596191406e+00
1.150476098060607910e+00
1.141579270362854004e+00
1.129085779190063477e+00
1.131564974784851074e+00
1.127475261688232422e+00
1.133697509765625000e+00
1.129934668540954590e+00
1.116678357124328613e+00
1.117541551589965820e+00
1.118694305419921875e+00
1.104899048805236816e+00
1.110553622245788574e+00
1.105424046516418457e+00
1.108081102371215820e+00
1.111828684806823730e+00
1.098185896873474121e+00
1.093826651573181152e+00
1.091623187065124512e+00
1.101589679718017578e+00
1.085942029953002930e+00
1.099855184555053711e+00
1.094468951225280762e+00
1.095329165458679199e+00
1.087887406349182129e+00
1.076652407646179199e+00
1.080952644348144531e+00
1.088681578636169434e+00
1.090947747230529785e+00
1.080558180809020996e+00
1.087146282196044922e+00
1.082976460456848145e+00
1.087680816650390625e+00
1.070157408714294434e+00
1.059579014778137207e+00
1.069271087646484375e+00
1.066198706626892090e+00
1.062260031700134277e+00
1.070677876472473145e+00
1.065020799636840820e+00
1.058396100997924805e+00
1.057282686233520508e+00
1.055555582046508789e+00
1.053023695945739746e+00
1.048260211944580078e+00
1.054043650627136230e+00
1.044374704360961914e+00
1.039066910743713379e+00
1.037359476089477539e+00
1.039043784141540527e+00
1.045427560806274414e+00
1.044222950935363770e+00
1.030191779136657715e+00
1.033638119697570801e+00
1.031491518020629883e+00
1.031693339347839355e+00
1.009053945541381836e+00
9.923867583274841309e-01
9.884992241859436035e-01
9.786089658737182617e-01
9.728115200996398926e-01
9.661851525306701660e-01
9.701596498489379883e-01
9.746716022491455078e-01
9.659236073493957520e-01
9.659640789031982422e-01
9.515188932418823242e-01
9.486039280891418457e-01
9.457151889801025391e-01
9.373333454132080078e-01
9.247856736183166504e-01
9.126302003860473633e-01
9.068872332572937012e-01
8.979049921035766602e-01
8.939232826232910156e-01
8.910930752754211426e-01
8.899801373481750488e-01
8.859452605247497559e-01
8.823248744010925293e-01
8.794267773628234863e-01
8.754402995109558105e-01
8.731699585914611816e-01
8.657751083374023438e-01
8.646090030670166016e-01
8.652957081794738770e-01
8.688828349113464355e-01
8.603751659393310547e-01
8.545872569084167480e-01
8.478635549545288086e-01
8.410364389419555664e-01
8.370028734207153320e-01
8.344446420669555664e-01
8.301923274993896484e-01
8.304477334022521973e-01
8.232364058494567871e-01
8.359307646751403809e-01
8.264047503471374512e-01
8.218282461166381836e-01
8.166488409042358398e-01
8.123586177825927734e-01
8.100879192352294922e-01
8.059602975845336914e-01
8.028782606124877930e-01
8.004422783851623535e-01
7.989056110382080078e-01
8.050346970558166504e-01
7.977376580238342285e-01
7.938657999038696289e-01
7.914339303970336914e-01
7.882922887802124023e-01
7.857752442359924316e-01
7.843140363693237305e-01
7.828664779663085938e-01
7.820512652397155762e-01
7.790740132331848145e-01
7.830847501754760742e-01
7.810770869255065918e-01
7.795784473419189453e-01
7.768896222114562988e-01
7.760413289070129395e-01
7.736426591873168945e-01
7.716933488845825195e-01
7.720524668693542480e-01
7.717573046684265137e-01
7.697413563728332520e-01
