2.200500071048736572e-01
2.884333431720733643e-01
3.093999922275543213e-01
3.160000145435333252e-01
3.240999877452850342e-01
3.246000111103057861e-01
3.432666659355163574e-01
3.568666577339172363e-01
3.696666657924652100e-01
3.847833275794982910e-01
3.930333256721496582e-01
4.000833332538604736e-01
4.127500057220458984e-01
4.147000014781951904e-01
4.238833189010620117e-01
4.274666607379913330e-01
4.295166730880737305e-01
4.333333373069763184e-01
4.410166740417480469e-01
4.487666785717010498e-01
4.512166678905487061e-01
4.546166658401489258e-01
4.570333361625671387e-01
4.597666561603546143e-01
4.694666564464569092e-01
4.718833267688751221e-01
4.745000004768371582e-01
4.790500104427337646e-01
4.790166616439819336e-01
4.792333245277404785e-01
4.851500093936920166e-01
4.861833453178405762e-01
4.873000085353851318e-01
4.891000092029571533e-01
4.894999861717224121e-01
4.905333220958709717e-01
4.897833466529846191e-01
4.958666563034057617e-01
4.993833303451538086e-01
5.000000000000000000e-01
5.027499794960021973e-01
5.019833445549011230e-01
5.033500194549560547e-01
5.074333548545837402e-01
5.050666928291320801e-01
5.072166919708251953e-01
5.144000053405761719e-01
5.106166601181030273e-01
5.133333206176757812e-01
5.154500007629394531e-01
5.147166848182678223e-01
5.188166499137878418e-01
5.186333060264587402e-01
5.250833630561828613e-01
5.177833437919616699e-01
5.294166803359985352e-01
5.221666693687438965e-01
5.244166851043701172e-01
5.242333412170410156e-01
5.263500213623046875e-01
5.306500196456909180e-01
5.299333333969116211e-01
5.262333154678344727e-01
5.286666750907897949e-01
5.317166447639465332e-01
5.295000076293945312e-01
5.311833620071411133e-01
5.298166871070861816e-01
5.378666520118713379e-01
5.426333546638488770e-01
5.372499823570251465e-01
5.392000079154968262e-01
5.425166487693786621e-01
5.394499897956848145e-01
5.414000153541564941e-01
5.432999730110168457e-01
5.424333214759826660e-01
5.449833273887634277e-01
5.493500232696533203e-01
5.488499999046325684e-01
5.464333295822143555e-01
5.530333518981933594e-01
5.575666427612304688e-01
5.569166541099548340e-01
5.572833418846130371e-01
5.550500154495239258e-01
5.579500198364257812e-01
5.626999735832214355e-01
5.621833205223083496e-01
5.650333166122436523e-01
5.643666386604309082e-01
5.776333212852478027e-01
5.846166610717773438e-01
5.862333178520202637e-01
5.887166857719421387e-01
5.934500098228454590e-01
5.959833264350891113e-01
5.982166528701782227e-01
5.958333611488342285e-01
6.021000146865844727e-01
6.021500229835510254e-01
6.087166666984558105e-01
6.098833084106445312e-01
6.141999959945678711e-01
6.183333396911621094e-01
6.239666938781738281e-01
6.298499703407287598e-01
6.334333419799804688e-01
6.362666487693786621e-01
6.395666599273681641e-01
6.412166953086853027e-01
6.431999802589416504e-01
6.460666656494140625e-01
6.468499898910522461e-01
6.485000252723693848e-01
6.514999866485595703e-01
6.549333333969116211e-01
6.567166447639465332e-01
6.582166552543640137e-01
6.573166847229003906e-01
6.588833332061767578e-01
6.617333292961120605e-01
6.648333072662353516e-01
6.690333485603332520e-01
6.722666621208190918e-01
6.741666793823242188e-01
6.755833625793457031e-01
6.772166490554809570e-01
6.763833165168762207e-01
6.815999746322631836e-01
6.758333444595336914e-01
6.811333298683166504e-01
6.822500228881835938e-01
6.846333146095275879e-01
6.869999766349792480e-01
6.896166801452636719e-01
6.904333233833312988e-01
6.926166415214538574e-01
6.944833397865295410e-01
6.944833397865295410e-01
6.928499937057495117e-01
6.943666934967041016e-01
6.973333358764648438e-01
6.984166502952575684e-01
7.004833221435546875e-01
7.024333477020263672e-01
7.028166651725769043e-01
7.031999826431274414e-01
7.035333514213562012e-01
7.049000263214111328e-01
7.040166854858398438e-01
7.053833603858947754e-01
7.062333226203918457e-01
7.057999968528747559e-01
7.074166536331176758e-01
7.087333202362060547e-01
7.090666890144348145e-01
7.095166444778442383e-01
7.088999748229980469e-01
7.106666564941406250e-01
