2.623249769210815430e+00
2.104565858840942383e+00
1.811288714408874512e+00
1.588778376579284668e+00
1.463632822036743164e+00
1.327873349189758301e+00
1.239115834236145020e+00
1.177238345146179199e+00
1.136161565780639648e+00
1.099811434745788574e+00
1.073034524917602539e+00
1.050121068954467773e+00
1.031988978385925293e+00
1.017629265785217285e+00
1.000933527946472168e+00
9.899368882179260254e-01
9.806092977523803711e-01
9.714375138282775879e-01
9.606546163558959961e-01
9.541105031967163086e-01
9.482390880584716797e-01
9.461055397987365723e-01
9.357081651687622070e-01
9.319444298744201660e-01
9.206848144531250000e-01
9.149896502494812012e-01
9.064925312995910645e-01
8.999761343002319336e-01
8.863544464111328125e-01
8.785324096679687500e-01
8.755673170089721680e-01
8.717874288558959961e-01
8.657128214836120605e-01
8.590230941772460938e-01
8.504145145416259766e-01
8.536193370819091797e-01
8.476207852363586426e-01
8.425016403198242188e-01
8.306669592857360840e-01
8.250210285186767578e-01
8.216987848281860352e-01
8.146981000900268555e-01
8.142903447151184082e-01
8.109130859375000000e-01
8.114334344863891602e-01
8.044254183769226074e-01
8.034730553627014160e-01
7.962248921394348145e-01
7.861043810844421387e-01
7.871958613395690918e-01
7.774600982666015625e-01
7.681678533554077148e-01
7.645160555839538574e-01
7.603141665458679199e-01
7.542756199836730957e-01
7.507111430168151855e-01
7.526761293411254883e-01
7.395782470703125000e-01
7.285793423652648926e-01
7.208932042121887207e-01
7.130763530731201172e-01
7.052570581436157227e-01
7.009433507919311523e-01
6.955508589744567871e-01
6.901500821113586426e-01
6.856428384780883789e-01
6.829703450202941895e-01
6.784391403198242188e-01
6.699432730674743652e-01
6.647387742996215820e-01
6.596773862838745117e-01
6.572677493095397949e-01
6.499831080436706543e-01
6.492648124694824219e-01
6.434878706932067871e-01
6.434522271156311035e-01
6.380671858787536621e-01
6.355261802673339844e-01
6.305545568466186523e-01
6.272042989730834961e-01
