2.103281319141387939e-01
2.936562597751617432e-01
3.814218640327453613e-01
4.278124868869781494e-01
4.555000066757202148e-01
4.949218630790710449e-01
5.158437490463256836e-01
5.236718654632568359e-01
5.256093740463256836e-01
5.306562781333923340e-01
5.347499847412109375e-01
5.364687442779541016e-01
5.392187237739562988e-01
5.426406264305114746e-01
5.428437590599060059e-01
5.462343692779541016e-01
5.494843721389770508e-01
5.519687533378601074e-01
5.539374947547912598e-01
5.585625171661376953e-01
5.588437318801879883e-01
5.594218969345092773e-01
5.662656426429748535e-01
5.677812695503234863e-01
5.724687576293945312e-01
5.779218673706054688e-01
5.809218883514404297e-01
5.859062671661376953e-01
5.911718606948852539e-01
5.952656269073486328e-01
6.004999876022338867e-01
6.005625128746032715e-01
6.041718721389770508e-01
6.093906164169311523e-01
6.139062643051147461e-01
6.140781044960021973e-01
6.173124909400939941e-01
6.225625276565551758e-01
6.289218664169311523e-01
6.303281188011169434e-01
6.337968707084655762e-01
6.389374732971191406e-01
6.404218673706054688e-01
6.430000066757202148e-01
6.437656283378601074e-01
6.473906040191650391e-01
6.511406302452087402e-01
6.561718583106994629e-01
6.593906283378601074e-01
6.607343554496765137e-01
6.654999852180480957e-01
6.690781116485595703e-01
6.734218597412109375e-01
6.754375100135803223e-01
6.784374713897705078e-01
6.822343468666076660e-01
6.821249723434448242e-01
6.874374747276306152e-01
6.930781006813049316e-01
6.962500214576721191e-01
7.002656459808349609e-01
7.048281431198120117e-01
7.071562409400939941e-01
7.096874713897705078e-01
7.129687666893005371e-01
7.146562337875366211e-01
7.166718840599060059e-01
7.184374928474426270e-01
7.243750095367431641e-01
7.243281006813049316e-01
7.287656068801879883e-01
7.287812232971191406e-01
7.344218492507934570e-01
7.322343587875366211e-01
7.365156412124633789e-01
7.368906140327453613e-01
7.392968535423278809e-01
7.408593893051147461e-01
7.427031397819519043e-01
7.453593611717224121e-01
