2.116562426090240479e-01
2.938281297683715820e-01
3.833749890327453613e-01
4.455468654632568359e-01
4.897968769073486328e-01
5.178906321525573730e-01
5.284062623977661133e-01
5.299218893051147461e-01
5.336250066757202148e-01
5.386875271797180176e-01
5.396875143051147461e-01
5.440468788146972656e-01
5.450000166893005371e-01
5.467656254768371582e-01
5.479843616485595703e-01
5.520781278610229492e-01
5.529687404632568359e-01
5.556874871253967285e-01
5.592968463897705078e-01
5.621406435966491699e-01
5.641250014305114746e-01
5.712031126022338867e-01
5.752812623977661133e-01
5.801562666893005371e-01
5.835000276565551758e-01
5.882812738418579102e-01
5.915156006813049316e-01
5.984531044960021973e-01
6.025624871253967285e-01
6.066562533378601074e-01
6.090781092643737793e-01
6.172812581062316895e-01
6.210312247276306152e-01
6.228593587875366211e-01
6.282656192779541016e-01
6.305000185966491699e-01
6.349531412124633789e-01
6.378906369209289551e-01
6.439375281333923340e-01
6.466875076293945312e-01
6.470780968666076660e-01
6.505781412124633789e-01
6.545312404632568359e-01
6.561093926429748535e-01
6.623593568801879883e-01
6.612969040870666504e-01
6.648749709129333496e-01
6.688593626022338867e-01
6.720468997955322266e-01
6.752343773841857910e-01
6.775000095367431641e-01
6.805781126022338867e-01
6.817343831062316895e-01
6.846093535423278809e-01
6.855937242507934570e-01
6.881406307220458984e-01
6.902187466621398926e-01
6.901875138282775879e-01
6.935937404632568359e-01
6.973749995231628418e-01
6.997968554496765137e-01
7.025156021118164062e-01
7.088437676429748535e-01
7.114999890327453613e-01
7.146093845367431641e-01
7.175781130790710449e-01
7.198281288146972656e-01
7.239687442779541016e-01
7.267968654632568359e-01
7.245468497276306152e-01
7.288281321525573730e-01
7.332812547683715820e-01
7.351718544960021973e-01
