2.605925321578979492e+00
2.101580142974853516e+00
1.807878494262695312e+00
1.566715955734252930e+00
1.409613132476806641e+00
1.272684574127197266e+00
1.196333527565002441e+00
1.145148634910583496e+00
1.107488393783569336e+00
1.075295448303222656e+00
1.052349805831909180e+00
1.032774925231933594e+00
1.015463232994079590e+00
1.003119826316833496e+00
9.897148013114929199e-01
9.798374176025390625e-01
9.719950556755065918e-01
9.651838541030883789e-01
9.534463286399841309e-01
9.456171989440917969e-01
9.402090311050415039e-01
9.315838813781738281e-01
9.226351380348205566e-01
9.127870798110961914e-01
9.075274467468261719e-01
8.972417712211608887e-01
8.890294432640075684e-01
8.772970438003540039e-01
8.722262382507324219e-01
8.725062608718872070e-01
8.636012673377990723e-01
8.518671393394470215e-01
8.454052805900573730e-01
8.409675955772399902e-01
8.342906236648559570e-01
8.281119465827941895e-01
8.261631727218627930e-01
8.179455995559692383e-01
8.110479116439819336e-01
8.055590391159057617e-01
8.051046729087829590e-01
8.054502606391906738e-01
7.965881228446960449e-01
7.943831086158752441e-01
7.856542468070983887e-01
7.864741086959838867e-01
7.813158035278320312e-01
7.775839567184448242e-01
7.712239027023315430e-01
7.640166878700256348e-01
7.603759169578552246e-01
7.554682493209838867e-01
7.516150474548339844e-01
7.480099201202392578e-01
7.435721158981323242e-01
7.410237193107604980e-01
7.395095229148864746e-01
7.381577491760253906e-01
7.348180413246154785e-01
7.307181358337402344e-01
7.252480983734130859e-01
7.232713103294372559e-01
7.118602395057678223e-01
7.058901786804199219e-01
6.996477246284484863e-01
6.962029933929443359e-01
6.907162666320800781e-01
6.846987009048461914e-01
6.807734966278076172e-01
6.813638806343078613e-01
6.717958450317382812e-01
6.641225218772888184e-01
6.596298813819885254e-01
