2.089218795299530029e-01
2.689531147480010986e-01
3.746874928474426270e-01
4.515624940395355225e-01
4.829843640327453613e-01
5.050625205039978027e-01
5.206093788146972656e-01
5.220312476158142090e-01
5.297968983650207520e-01
5.350781083106994629e-01
5.379999876022338867e-01
5.430937409400939941e-01
5.502499938011169434e-01
5.550312399864196777e-01
5.618593692779541016e-01
5.640781521797180176e-01
5.693749785423278809e-01
5.722656250000000000e-01
5.752343535423278809e-01
5.800155997276306152e-01
5.828437209129333496e-01
5.870937705039978027e-01
5.939375162124633789e-01
5.977968573570251465e-01
6.030468940734863281e-01
6.077656149864196777e-01
6.110781431198120117e-01
6.148437261581420898e-01
6.200156211853027344e-01
6.236093640327453613e-01
6.269375085830688477e-01
6.290781497955322266e-01
6.341249942779541016e-01
6.352187395095825195e-01
6.392968893051147461e-01
6.403124928474426270e-01
6.465312242507934570e-01
6.487968564033508301e-01
6.538906097412109375e-01
6.558906435966491699e-01
6.595625281333923340e-01
6.568593978881835938e-01
6.622031331062316895e-01
6.661718487739562988e-01
6.681093573570251465e-01
6.687812209129333496e-01
6.709687709808349609e-01
6.720468997955322266e-01
6.738437414169311523e-01
6.768749952316284180e-01
6.831718683242797852e-01
6.883749961853027344e-01
6.925625205039978027e-01
6.951249837875366211e-01
6.987812519073486328e-01
6.999218463897705078e-01
7.036562561988830566e-01
7.058125138282775879e-01
7.075312733650207520e-01
7.101093530654907227e-01
7.129531502723693848e-01
7.148125171661376953e-01
7.193906307220458984e-01
7.214218974113464355e-01
7.233906388282775879e-01
7.252656221389770508e-01
7.287656068801879883e-01
7.300468683242797852e-01
7.316406369209289551e-01
7.338593602180480957e-01
7.367187738418579102e-01
7.379218935966491699e-01
7.380937337875366211e-01
7.407500147819519043e-01
7.418906092643737793e-01
