2.694916009902954102e+00
2.158763647079467773e+00
1.835121750831604004e+00
1.567897200584411621e+00
1.418858766555786133e+00
1.308914422988891602e+00
1.231732130050659180e+00
1.177345156669616699e+00
1.135426402091979980e+00
1.101637601852416992e+00
1.074832916259765625e+00
1.052656531333923340e+00
1.034819364547729492e+00
1.019732713699340820e+00
1.005654096603393555e+00
9.951797723770141602e-01
9.813867807388305664e-01
9.720093011856079102e-01
9.651881456375122070e-01
9.553434848785400391e-01
9.472549557685852051e-01
9.386996626853942871e-01
9.268130064010620117e-01
9.174413681030273438e-01
9.077975749969482422e-01
8.979755640029907227e-01
8.868686556816101074e-01
8.787800669670104980e-01
8.686786890029907227e-01
8.617002964019775391e-01
8.579463958740234375e-01
8.550328612327575684e-01
8.479094505310058594e-01
8.417543768882751465e-01
8.382192254066467285e-01
8.311558365821838379e-01
8.245269656181335449e-01
8.152809739112854004e-01
8.104455471038818359e-01
8.043153882026672363e-01
8.004598021507263184e-01
7.986770868301391602e-01
7.933806180953979492e-01
7.881795167922973633e-01
7.876914143562316895e-01
7.833365201950073242e-01
7.803931236267089844e-01
7.815092802047729492e-01
7.778852581977844238e-01
7.708677649497985840e-01
7.590789198875427246e-01
7.469950914382934570e-01
7.399103045463562012e-01
7.334421277046203613e-01
7.262812256813049316e-01
7.245754599571228027e-01
7.202754020690917969e-01
7.138556241989135742e-01
7.121312022209167480e-01
7.084427475929260254e-01
7.023555636405944824e-01
6.989726424217224121e-01
6.936178803443908691e-01
6.899014115333557129e-01
6.837040185928344727e-01
6.798040270805358887e-01
6.770239472389221191e-01
6.711891293525695801e-01
6.703082919120788574e-01
6.665869355201721191e-01
6.625039577484130859e-01
6.608131527900695801e-01
6.564723253250122070e-01
6.527104377746582031e-01
6.506995558738708496e-01
