2.772800683975219727e+00
2.255839109420776367e+00
2.025214910507202148e+00
1.862165451049804688e+00
1.693784475326538086e+00
1.575906395912170410e+00
1.494040608406066895e+00
1.426741838455200195e+00
1.352473258972167969e+00
1.303243875503540039e+00
1.272477507591247559e+00
1.249759078025817871e+00
1.230029344558715820e+00
1.214333057403564453e+00
1.201996326446533203e+00
1.189153075218200684e+00
1.177982211112976074e+00
1.168224811553955078e+00
1.159726381301879883e+00
1.153040409088134766e+00
1.144508838653564453e+00
1.138220071792602539e+00
1.131516695022583008e+00
1.122603774070739746e+00
1.116171121597290039e+00
1.110827088356018066e+00
1.104334473609924316e+00
1.098350286483764648e+00
1.090965151786804199e+00
1.087548375129699707e+00
1.081529855728149414e+00
1.078281164169311523e+00
1.075939655303955078e+00
1.075287461280822754e+00
1.070896387100219727e+00
1.065830230712890625e+00
1.061074852943420410e+00
1.055624485015869141e+00
1.054793953895568848e+00
1.048830032348632812e+00
1.045397639274597168e+00
1.043805122375488281e+00
1.040677428245544434e+00
1.029452443122863770e+00
1.023841023445129395e+00
1.018628597259521484e+00
1.016173243522644043e+00
1.013008832931518555e+00
