2.033166736364364624e-01
2.286500036716461182e-01
2.914166748523712158e-01
3.323000073432922363e-01
4.042333364486694336e-01
4.377000033855438232e-01
4.603166580200195312e-01
4.847333431243896484e-01
5.148666501045227051e-01
5.287833213806152344e-01
5.362833142280578613e-01
5.377333164215087891e-01
5.446833372116088867e-01
5.476166605949401855e-01
5.485833287239074707e-01
5.544166564941406250e-01
5.535500049591064453e-01
5.605166554450988770e-01
5.639333128929138184e-01
5.626000165939331055e-01
5.690500140190124512e-01
5.690500140190124512e-01
5.733833312988281250e-01
5.772166848182678223e-01
5.789499878883361816e-01
5.809833407402038574e-01
5.830333232879638672e-01
5.847166776657104492e-01
5.888500213623046875e-01
5.915499925613403320e-01
5.953500270843505859e-01
5.972333550453186035e-01
5.971666574478149414e-01
5.982166528701782227e-01
6.026666760444641113e-01
6.040166616439819336e-01
6.051166653633117676e-01
6.088166832923889160e-01
6.085000038146972656e-01
6.121666431427001953e-01
6.150666475296020508e-01
6.172666549682617188e-01
6.189000010490417480e-01
6.247833371162414551e-01
6.288999915122985840e-01
6.334333419799804688e-01
6.359000205993652344e-01
6.368666887283325195e-01
