2.667121291160583496e-01
4.520833194255828857e-01
5.074469447135925293e-01
5.239697098731994629e-01
5.361136198043823242e-01
5.423105955123901367e-01
5.462272763252258301e-01
5.496742129325866699e-01
5.518560409545898438e-01
5.532348752021789551e-01
5.547272562980651855e-01
5.571439266204833984e-01
5.579469799995422363e-01
5.599545240402221680e-01
5.615227222442626953e-01
5.621894001960754395e-01
5.649091005325317383e-01
5.663409233093261719e-01
5.693863630294799805e-01
5.727651715278625488e-01
5.742878913879394531e-01
5.777045488357543945e-01
5.814999938011169434e-01
5.832651257514953613e-01
5.870302915573120117e-01
5.886591076850891113e-01
5.895681977272033691e-01
5.933712124824523926e-01
5.949545502662658691e-01
5.957499742507934570e-01
5.971363782882690430e-01
5.999545454978942871e-01
6.017272472381591797e-01
6.028712391853332520e-01
6.053333282470703125e-01
6.057121157646179199e-01
6.081818342208862305e-01
6.098409295082092285e-01
6.112575531005859375e-01
6.133636236190795898e-01
6.148409247398376465e-01
6.177045702934265137e-01
6.195909380912780762e-01
6.220227479934692383e-01
6.249318122863769531e-01
6.276288032531738281e-01
6.288712024688720703e-01
6.309393644332885742e-01
6.338182091712951660e-01
6.345075964927673340e-01
6.374166607856750488e-01
6.399015188217163086e-01
6.409394145011901855e-01
6.412500143051147461e-01
6.457803249359130859e-01
6.481288075447082520e-01
6.498939394950866699e-01
6.515378952026367188e-01
6.529772877693176270e-01
6.549772620201110840e-01
6.586969494819641113e-01
6.591439247131347656e-01
6.593560576438903809e-01
6.621515154838562012e-01
6.627651453018188477e-01
6.648181676864624023e-01
6.663257479667663574e-01
6.675909161567687988e-01
6.704545617103576660e-01
6.690378785133361816e-01
6.707348227500915527e-01
6.712045669555664062e-01
6.738333106040954590e-01
6.740909218788146973e-01
6.756060719490051270e-01
6.773257851600646973e-01
6.765833497047424316e-01
6.786212325096130371e-01
6.779545545578002930e-01
6.802499890327453613e-01
6.806742548942565918e-01
6.814091205596923828e-01
6.824091076850891113e-01
6.831666827201843262e-01
6.845909357070922852e-01
6.861894130706787109e-01
6.856893897056579590e-01
6.886287927627563477e-01
6.876969933509826660e-01
6.899242401123046875e-01
6.897651553153991699e-01
6.909697055816650391e-01
6.907272934913635254e-01
7.017499804496765137e-01
7.064318060874938965e-01
7.097499966621398926e-01
7.083939313888549805e-01
7.111515402793884277e-01
7.112500071525573730e-01
7.139621376991271973e-01
7.145606279373168945e-01
7.160454392433166504e-01
7.156742215156555176e-01
7.193409204483032227e-01
7.186136245727539062e-01
7.183787822723388672e-01
7.195151448249816895e-01
7.201818227767944336e-01
7.214166522026062012e-01
7.219848632812500000e-01
7.218105792999267578e-01
7.243030071258544922e-01
7.230984568595886230e-01
7.242196798324584961e-01
7.259621024131774902e-01
7.259696722030639648e-01
7.266363501548767090e-01
7.260909080505371094e-01
7.284621000289916992e-01
7.284318208694458008e-01
7.287803292274475098e-01
7.293711900711059570e-01
7.315151691436767578e-01
7.319924235343933105e-01
7.390454411506652832e-01
7.427878975868225098e-01
7.420757412910461426e-01
7.440757751464843750e-01
7.441060543060302734e-01
7.450378537178039551e-01
7.451969981193542480e-01
7.461818456649780273e-01
7.469469904899597168e-01
7.460530400276184082e-01
7.480151653289794922e-01
7.499697208404541016e-01
7.481666803359985352e-01
7.479923963546752930e-01
7.490833401679992676e-01
7.506363391876220703e-01
7.503939270973205566e-01
7.553787827491760254e-01
7.560606002807617188e-01
7.571363449096679688e-01
7.574318051338195801e-01
7.575606107711791992e-01
7.575757503509521484e-01
7.572045326232910156e-01
7.597272992134094238e-01
7.586287856101989746e-01
7.602424025535583496e-01
7.593106031417846680e-01
7.617878913879394531e-01
7.599090933799743652e-01
7.599393725395202637e-01
7.612727284431457520e-01
7.635909318923950195e-01
7.645530104637145996e-01
7.642499804496765137e-01
7.651363611221313477e-01
7.644696831703186035e-01
7.656439542770385742e-01
7.655909061431884766e-01
7.656969428062438965e-01
7.678484916687011719e-01
7.662348747253417969e-01
7.664848566055297852e-01
7.662954330444335938e-01
7.672348618507385254e-01
7.681060433387756348e-01
7.685681581497192383e-01
7.705757617950439453e-01
7.689772844314575195e-01
7.692272663116455078e-01
7.702575922012329102e-01
7.688257694244384766e-01
7.698863744735717773e-01
7.704091072082519531e-01
7.708333134651184082e-01
7.707954645156860352e-01
7.710000276565551758e-01
7.692272663116455078e-01
7.710075974464416504e-01
7.710530161857604980e-01
7.714393734931945801e-01
7.704166769981384277e-01
7.707954645156860352e-01
7.707197070121765137e-01
7.719696760177612305e-01
7.715606093406677246e-01
7.716515064239501953e-01
7.725985050201416016e-01
7.721969485282897949e-01
7.718484997749328613e-01
7.718409299850463867e-01
7.704545259475708008e-01
7.718105912208557129e-01
7.718712091445922852e-01
7.729772925376892090e-01
7.737424373626708984e-01
7.728560566902160645e-01
7.727272510528564453e-01
7.719848752021789551e-01
7.722802758216857910e-01
7.743484973907470703e-01
7.739318013191223145e-01
7.734014987945556641e-01
7.724924087524414062e-01
