2.594565153121948242e+00
2.002871036529541016e+00
1.816057682037353516e+00
1.710970401763916016e+00
1.637754678726196289e+00
1.584512829780578613e+00
1.545305132865905762e+00
1.513296246528625488e+00
1.489173054695129395e+00
1.469751119613647461e+00
1.454765439033508301e+00
1.440393447875976562e+00
1.428038954734802246e+00
1.418184518814086914e+00
1.409552693367004395e+00
1.400792241096496582e+00
1.392669677734375000e+00
1.385250568389892578e+00
1.376020193099975586e+00
1.368033885955810547e+00
1.358763217926025391e+00
1.348407268524169922e+00
1.337033390998840332e+00
1.329850673675537109e+00
1.319369792938232422e+00
1.313899874687194824e+00
1.306269407272338867e+00
1.299391984939575195e+00
1.295462250709533691e+00
1.289943099021911621e+00
1.284811496734619141e+00
1.279976606369018555e+00
1.272506833076477051e+00
1.269837737083435059e+00
1.264030694961547852e+00
1.261088252067565918e+00
1.256178140640258789e+00
1.252233982086181641e+00
1.249928355216979980e+00
1.244666576385498047e+00
1.239051342010498047e+00
1.235150694847106934e+00
1.233083009719848633e+00
1.227864384651184082e+00
1.222416162490844727e+00
1.219163060188293457e+00
1.216103792190551758e+00
1.212396144866943359e+00
1.211242437362670898e+00
1.209122180938720703e+00
1.203185319900512695e+00
1.199392318725585938e+00
1.195546388626098633e+00
1.195632100105285645e+00
1.189925074577331543e+00
1.186243176460266113e+00
1.181921482086181641e+00
1.179854393005371094e+00
1.177359938621520996e+00
1.173340439796447754e+00
1.170338153839111328e+00
1.169375658035278320e+00
1.164116859436035156e+00
1.160644054412841797e+00
1.159017443656921387e+00
1.155680179595947266e+00
1.152646183967590332e+00
1.148182868957519531e+00
1.145279884338378906e+00
1.146712660789489746e+00
1.145888924598693848e+00
1.143045425415039062e+00
1.138132572174072266e+00
1.139363884925842285e+00
1.136157631874084473e+00
1.132911086082458496e+00
1.132844567298889160e+00
1.127735853195190430e+00
1.127999782562255859e+00
1.124722957611083984e+00
1.125799655914306641e+00
1.122479438781738281e+00
1.121494770050048828e+00
1.118196487426757812e+00
1.117754340171813965e+00
1.111823201179504395e+00
1.114472508430480957e+00
1.109485626220703125e+00
1.110179901123046875e+00
1.107082962989807129e+00
1.108752965927124023e+00
1.105653405189514160e+00
1.105273604393005371e+00
1.070238471031188965e+00
1.059247732162475586e+00
1.054137706756591797e+00
1.052158951759338379e+00
1.048923254013061523e+00
1.045128822326660156e+00
1.040290594100952148e+00
1.037720680236816406e+00
1.036809563636779785e+00
1.035849809646606445e+00
1.031041264533996582e+00
1.030210733413696289e+00
1.026850938796997070e+00
1.028607010841369629e+00
1.024953842163085938e+00
1.021411776542663574e+00
1.021667480468750000e+00
1.022437691688537598e+00
1.018673658370971680e+00
1.017797827720642090e+00
1.014133214950561523e+00
1.012821316719055176e+00
1.011801123619079590e+00
1.011539578437805176e+00
1.010802268981933594e+00
1.007962107658386230e+00
1.007270097732543945e+00
1.006889104843139648e+00
1.005403399467468262e+00
1.002757072448730469e+00
1.000828027725219727e+00
9.803575277328491211e-01
9.718792438507080078e-01
9.714335203170776367e-01
9.686788916587829590e-01
9.644510149955749512e-01
9.643054604530334473e-01
9.650825262069702148e-01
9.635449051856994629e-01
9.616280794143676758e-01
9.601896405220031738e-01
9.592665433883666992e-01
9.558960795402526855e-01
9.570416808128356934e-01
9.577428698539733887e-01
9.561470150947570801e-01
9.541361927986145020e-01
9.541999101638793945e-01
9.405542612075805664e-01
9.378343224525451660e-01
9.352558255195617676e-01
9.342079758644104004e-01
9.332422614097595215e-01
9.318646788597106934e-01
9.319996833801269531e-01
9.293887615203857422e-01
9.295641183853149414e-01
9.279614686965942383e-01
9.286752343177795410e-01
9.249376654624938965e-01
9.263786673545837402e-01
9.257657527923583984e-01
9.245771765708923340e-01
9.181648492813110352e-01
9.172627925872802734e-01
9.156246781349182129e-01
9.154174923896789551e-01
9.147799015045166016e-01
9.135432839393615723e-01
9.138565063476562500e-01
9.129117131233215332e-01
9.121969342231750488e-01
9.118586182594299316e-01
9.112364649772644043e-01
9.116310477256774902e-01
9.100940823554992676e-01
9.105098843574523926e-01
9.061101675033569336e-01
9.040080308914184570e-01
9.059114456176757812e-01
9.043962359428405762e-01
9.037959575653076172e-01
9.052290320396423340e-01
9.050189256668090820e-01
9.037815332412719727e-01
9.037021994590759277e-01
9.033187031745910645e-01
9.030084013938903809e-01
9.030224680900573730e-01
9.034748077392578125e-01
9.012485742568969727e-01
9.002043604850769043e-01
9.007610082626342773e-01
8.999111652374267578e-01
9.005619287490844727e-01
8.997150063514709473e-01
9.004687666893005371e-01
9.002810120582580566e-01
8.994943499565124512e-01
8.990386128425598145e-01
8.992580771446228027e-01
8.977752923965454102e-01
8.991393446922302246e-01
8.990110158920288086e-01
8.989256024360656738e-01
8.973092436790466309e-01
8.971388936042785645e-01
8.972340226173400879e-01
8.983081579208374023e-01
8.973982334136962891e-01
8.968859910964965820e-01
8.958656787872314453e-01
8.952882289886474609e-01
8.964224457740783691e-01
8.967851996421813965e-01
