2.100468724966049194e-01
2.797812521457672119e-01
3.806562423706054688e-01
4.538593888282775879e-01
4.912031292915344238e-01
5.113593935966491699e-01
5.201406478881835938e-01
5.263124704360961914e-01
5.300312638282775879e-01
5.335624814033508301e-01
5.360000133514404297e-01
5.372499823570251465e-01
5.380156040191650391e-01
5.421249866485595703e-01
5.451406240463256836e-01
5.465624928474426270e-01
5.494218468666076660e-01
5.531718730926513672e-01
5.554531216621398926e-01
5.620625019073486328e-01
5.649687647819519043e-01
5.680781006813049316e-01
5.734687447547912598e-01
5.755468606948852539e-01
5.807031393051147461e-01
5.792499780654907227e-01
5.835468769073486328e-01
5.859531164169311523e-01
5.899531245231628418e-01
5.960937738418579102e-01
5.946093797683715820e-01
5.953906178474426270e-01
5.977030992507934570e-01
6.036093831062316895e-01
6.037656068801879883e-01
6.055155992507934570e-01
6.083124876022338867e-01
6.091406345367431641e-01
6.151406168937683105e-01
6.175000071525573730e-01
6.187031269073486328e-01
6.204687356948852539e-01
6.222812533378601074e-01
6.236875057220458984e-01
6.268437504768371582e-01
6.282968521118164062e-01
6.281562447547912598e-01
6.284219026565551758e-01
6.292499899864196777e-01
6.319531202316284180e-01
6.318437457084655762e-01
6.325937509536743164e-01
6.359999775886535645e-01
6.370624899864196777e-01
6.365781426429748535e-01
6.385156512260437012e-01
6.412812471389770508e-01
6.407499909400939941e-01
6.438124775886535645e-01
6.430000066757202148e-01
6.442656517028808594e-01
6.440937519073486328e-01
6.485781073570251465e-01
6.498906016349792480e-01
6.534218788146972656e-01
6.541093587875366211e-01
6.538749933242797852e-01
6.552656292915344238e-01
6.562812328338623047e-01
6.595156192779541016e-01
6.609218716621398926e-01
6.618281006813049316e-01
