2.653414487838745117e+00
2.136417627334594727e+00
1.813508510589599609e+00
1.557992815971374512e+00
1.404025435447692871e+00
1.293565273284912109e+00
1.216458916664123535e+00
1.162953853607177734e+00
1.121305584907531738e+00
1.088683843612670898e+00
1.062808752059936523e+00
1.040365099906921387e+00
1.025393605232238770e+00
1.009900808334350586e+00
9.986139535903930664e-01
9.871760010719299316e-01
9.776814579963684082e-01
9.675050377845764160e-01
9.568461775779724121e-01
9.442496895790100098e-01
9.334384202957153320e-01
9.226633310317993164e-01
9.088734984397888184e-01
9.034581184387207031e-01
8.961427807807922363e-01
8.906441330909729004e-01
8.809416294097900391e-01
8.766764998435974121e-01
8.678621053695678711e-01
8.587331175804138184e-01
8.564624786376953125e-01
8.551701903343200684e-01
8.496267795562744141e-01
8.422064185142517090e-01
8.379036188125610352e-01
8.336277604103088379e-01
8.286747932434082031e-01
8.244760036468505859e-01
8.153269290924072266e-01
8.090717196464538574e-01
8.046178221702575684e-01
7.991331219673156738e-01
7.957212924957275391e-01
7.934597730636596680e-01
7.896959185600280762e-01
7.878646850585937500e-01
7.831549048423767090e-01
7.821801304817199707e-01
7.797802686691284180e-01
7.752908468246459961e-01
7.736495733261108398e-01
7.713496088981628418e-01
7.671930193901062012e-01
7.646692991256713867e-01
7.626145482063293457e-01
7.616017460823059082e-01
7.576643824577331543e-01
7.559255361557006836e-01
7.563064098358154297e-01
7.531256675720214844e-01
7.519641518592834473e-01
7.464383840560913086e-01
7.381587624549865723e-01
7.344794869422912598e-01
7.308564782142639160e-01
7.290618419647216797e-01
7.259650826454162598e-01
7.245002388954162598e-01
7.207040786743164062e-01
7.181006073951721191e-01
7.148428559303283691e-01
7.126079797744750977e-01
