2.440952360630035400e-01
2.636190354824066162e-01
3.387142717838287354e-01
3.493333458900451660e-01
3.744761943817138672e-01
4.066666662693023682e-01
4.399523735046386719e-01
4.559047520160675049e-01
4.814761877059936523e-01
4.925238192081451416e-01
5.228095054626464844e-01
5.186190605163574219e-01
5.280952453613281250e-01
5.506666898727416992e-01
5.557619333267211914e-01
5.522381067276000977e-01
5.601428747177124023e-01
5.840952396392822266e-01
5.959047675132751465e-01
5.803809762001037598e-01
5.839999914169311523e-01
5.985237956047058105e-01
6.076190471649169922e-01
5.971428751945495605e-01
6.088095307350158691e-01
6.152856945991516113e-01
6.053333282470703125e-01
6.271904706954956055e-01
6.315714120864868164e-01
6.324285864830017090e-01
6.339047551155090332e-01
6.375714540481567383e-01
6.386190652847290039e-01
6.430476307868957520e-01
6.452857255935668945e-01
6.483333110809326172e-01
6.434761881828308105e-01
6.498095393180847168e-01
6.535238027572631836e-01
6.593333482742309570e-01
6.624761819839477539e-01
6.539523601531982422e-01
6.620952486991882324e-01
6.620952486991882324e-01
6.629047393798828125e-01
6.614285707473754883e-01
6.628095507621765137e-01
6.676190495491027832e-01
6.641428470611572266e-01
6.605238318443298340e-01
6.622381210327148438e-01
6.716190576553344727e-01
6.704285740852355957e-01
6.688571572303771973e-01
6.706666946411132812e-01
6.706666946411132812e-01
6.712381243705749512e-01
6.641428470611572266e-01
6.713809370994567871e-01
6.732380986213684082e-01
6.757618784904479980e-01
6.748095154762268066e-01
6.824285984039306641e-01
6.868095397949218750e-01
6.880000233650207520e-01
6.878095269203186035e-01
6.891904473304748535e-01
6.831428408622741699e-01
6.803809404373168945e-01
6.866190433502197266e-01
6.918095350265502930e-01
6.841428279876708984e-01
6.899999976158142090e-01
6.934285759925842285e-01
7.031905055046081543e-01
7.021904587745666504e-01
7.042381167411804199e-01
7.041904926300048828e-01
7.149524092674255371e-01
7.158571481704711914e-01
7.262380719184875488e-01
7.240476012229919434e-01
7.268571257591247559e-01
7.326666712760925293e-01
7.348095178604125977e-01
7.379047870635986328e-01
7.391904592514038086e-01
7.416666746139526367e-01
7.436190247535705566e-01
7.497618794441223145e-01
7.487142682075500488e-01
7.501428723335266113e-01
7.493809461593627930e-01
7.584285736083984375e-01
7.697619199752807617e-01
7.719047665596008301e-01
7.744285464286804199e-01
7.789047360420227051e-01
7.854285836219787598e-01
7.850952148437500000e-01
7.859523892402648926e-01
7.843809723854064941e-01
7.838571667671203613e-01
7.875238060951232910e-01
7.928571701049804688e-01
7.990000247955322266e-01
8.000000119209289551e-01
8.001904487609863281e-01
8.047142624855041504e-01
8.050952553749084473e-01
8.124285936355590820e-01
8.154285550117492676e-01
8.171904683113098145e-01
8.206666707992553711e-01
8.223333358764648438e-01
8.249523639678955078e-01
8.280952572822570801e-01
8.311904668807983398e-01
8.329523801803588867e-01
8.380952477455139160e-01
8.415238261222839355e-01
8.446666598320007324e-01
8.483809232711791992e-01
8.503333330154418945e-01
8.499047756195068359e-01
8.535714149475097656e-01
8.529999852180480957e-01
8.537142872810363770e-01
8.601904511451721191e-01
8.609523773193359375e-01
8.660952448844909668e-01
8.699047565460205078e-01
8.706190586090087891e-01
8.760952353477478027e-01
8.799999952316284180e-01
8.801428675651550293e-01
8.850952386856079102e-01
8.840952515602111816e-01
8.839523792266845703e-01
8.877618908882141113e-01
8.923809528350830078e-01
8.959047794342041016e-01
8.999523520469665527e-01
9.015714526176452637e-01
9.039523601531982422e-01
9.070476293563842773e-01
9.096666574478149414e-01
9.113333225250244141e-01
9.139047861099243164e-01
9.153809547424316406e-01
9.174285531044006348e-01
9.179523587226867676e-01
9.195238351821899414e-01
9.222381114959716797e-01
9.251428842544555664e-01
9.270476102828979492e-01
9.285714030265808105e-01
9.314285516738891602e-01
9.329524040222167969e-01
9.343809485435485840e-01
9.339047670364379883e-01
9.280475974082946777e-01
9.246666431427001953e-01
9.253333210945129395e-01
9.286666512489318848e-01
9.290000200271606445e-01
9.312381148338317871e-01
9.328095316886901855e-01
9.338095188140869141e-01
9.351428747177124023e-01
9.352381229400634766e-01
9.376666545867919922e-01
9.383333325386047363e-01
9.391428828239440918e-01
9.411428570747375488e-01
9.411428570747375488e-01
9.403809309005737305e-01
9.425238370895385742e-01
9.436666369438171387e-01
9.455714225769042969e-01
9.457142949104309082e-01
9.474285840988159180e-01
9.488095045089721680e-01
9.488095045089721680e-01
9.491904973983764648e-01
9.495714306831359863e-01
9.511904716491699219e-01
9.517619013786315918e-01
9.516190290451049805e-01
9.534761905670166016e-01
9.524762034416198730e-01
9.547619223594665527e-01
9.543809294700622559e-01
9.539523720741271973e-01
9.555714130401611328e-01
9.555237889289855957e-01
9.558095335960388184e-01
9.576190710067749023e-01
9.567618966102600098e-01
9.563809633255004883e-01
9.561428427696228027e-01
9.583809375762939453e-01
9.578571319580078125e-01
9.581428766250610352e-01
9.583333134651184082e-01
9.588571190834045410e-01
9.589999914169311523e-01
9.598095417022705078e-01
9.595714211463928223e-01
9.605237841606140137e-01
9.597619175910949707e-01
9.601904749870300293e-01
9.595237970352172852e-01
9.604762196540832520e-01
9.605714082717895508e-01
9.608095288276672363e-01
9.610475897789001465e-01
9.605237841606140137e-01
9.613809585571289062e-01
9.615714550018310547e-01
9.608571529388427734e-01
9.614285826683044434e-01
9.618095159530639648e-01
9.616666436195373535e-01
9.616190195083618164e-01
9.620476365089416504e-01
9.626190662384033203e-01
9.617142677307128906e-01
9.625714421272277832e-01
9.621428847312927246e-01
9.631428718566894531e-01
9.628571271896362305e-01
9.633333086967468262e-01
9.627618789672851562e-01
9.621904492378234863e-01
9.620952606201171875e-01
9.630476236343383789e-01
9.635238051414489746e-01
9.630952477455139160e-01
9.632856845855712891e-01
9.625238180160522461e-01
9.633809328079223633e-01
9.626666903495788574e-01
9.631428718566894531e-01
9.631904959678649902e-01
9.636190533638000488e-01
