1.838622570037841797e+00
1.732954621315002441e+00
1.515650749206542969e+00
1.471184372901916504e+00
1.348629593849182129e+00
1.310795426368713379e+00
1.267661452293395996e+00
1.213620185852050781e+00
1.155660867691040039e+00
1.146067857742309570e+00
1.055315732955932617e+00
1.077604651451110840e+00
1.061222314834594727e+00
9.912661910057067871e-01
9.771510362625122070e-01
1.003319144248962402e+00
9.835263490676879883e-01
9.373208880424499512e-01
9.138235449790954590e-01
9.404479861259460449e-01
9.367312192916870117e-01
9.040170907974243164e-01
8.844809532165527344e-01
9.086875915527343750e-01
8.714994192123413086e-01
8.516446352005004883e-01
8.920209407806396484e-01
8.261468410491943359e-01
8.046653866767883301e-01
8.106507658958435059e-01
7.945962548255920410e-01
7.909218668937683105e-01
7.839055061340332031e-01
7.657911777496337891e-01
7.607020735740661621e-01
7.629642486572265625e-01
7.610790133476257324e-01
7.464643716812133789e-01
7.396089434623718262e-01
7.255078554153442383e-01
7.169930934906005859e-01
7.320805191993713379e-01
7.174860239028930664e-01
7.084827423095703125e-01
7.009496092796325684e-01
7.018065452575683594e-01
7.101446986198425293e-01
6.946724057197570801e-01
7.109535336494445801e-01
7.130724787712097168e-01
7.043754458427429199e-01
6.865458488464355469e-01
6.914147138595581055e-01
6.955511569976806641e-01
6.888697743415832520e-01
6.912981271743774414e-01
6.878633499145507812e-01
7.069462537765502930e-01
7.009235620498657227e-01
6.981713771820068359e-01
6.819894313812255859e-01
6.880761981010437012e-01
6.640409231185913086e-01
6.605763435363769531e-01
6.648566722869873047e-01
6.614823937416076660e-01
6.654921770095825195e-01
6.763041615486145020e-01
6.754065155982971191e-01
6.589021086692810059e-01
6.560119390487670898e-01
6.773913502693176270e-01
6.572666764259338379e-01
6.531706452369689941e-01
6.288494467735290527e-01
6.289592385292053223e-01
6.328721046447753906e-01
6.307790875434875488e-01
6.042196750640869141e-01
5.935996770858764648e-01
5.825197100639343262e-01
5.769456028938293457e-01
5.700650811195373535e-01
5.632821321487426758e-01
5.534695386886596680e-01
5.599694252014160156e-01
5.480627417564392090e-01
5.474095344543457031e-01
5.365198850631713867e-01
5.291706323623657227e-01
5.296985507011413574e-01
5.344508886337280273e-01
5.318371653556823730e-01
5.215114951133728027e-01
4.991245269775390625e-01
4.775714874267578125e-01
4.690274000167846680e-01
4.629687070846557617e-01
4.570114016532897949e-01
4.564303755760192871e-01
4.625282287597656250e-01
4.716728031635284424e-01
4.707360863685607910e-01
4.599749743938446045e-01
4.536887407302856445e-01
4.393556416034698486e-01
4.309026300907135010e-01
4.294496476650238037e-01
4.338894188404083252e-01
4.270266890525817871e-01
4.145143330097198486e-01
4.048035144805908203e-01
4.026883244514465332e-01
3.974271416664123535e-01
3.946743011474609375e-01
3.927434384822845459e-01
3.884132802486419678e-01
3.860197961330413818e-01
3.827247619628906250e-01
3.784384131431579590e-01
3.753332495689392090e-01
3.735280930995941162e-01
3.699002861976623535e-01
3.763151764869689941e-01
3.718638718128204346e-01
3.669449985027313232e-01
3.667038083076477051e-01
3.658633828163146973e-01
3.607155084609985352e-01
3.579102158546447754e-01
3.526441752910614014e-01
3.500846922397613525e-01
3.472960293292999268e-01
3.412809371948242188e-01
3.375569581985473633e-01
3.347025811672210693e-01
3.310844600200653076e-01
3.319485187530517578e-01
3.362452089786529541e-01
3.284802138805389404e-01
3.207375705242156982e-01
3.147957921028137207e-01
3.099945783615112305e-01
3.078030645847320557e-01
3.035428524017333984e-01
3.013755679130554199e-01
2.957192063331604004e-01
2.936852872371673584e-01
2.897974848747253418e-01
2.874769866466522217e-01
2.833604216575622559e-01
2.818627655506134033e-01
2.802611291408538818e-01
2.760610580444335938e-01
2.732483744621276855e-01
2.698107361793518066e-01
2.668060660362243652e-01
2.623769640922546387e-01
2.626729309558868408e-01
2.588408887386322021e-01
2.590923607349395752e-01
2.743772566318511963e-01
2.767945826053619385e-01
2.743929922580718994e-01
2.694039344787597656e-01
2.659562528133392334e-01
2.627552449703216553e-01
2.597299218177795410e-01
2.592827975749969482e-01
2.565457224845886230e-01
2.543407380580902100e-01
2.518978118896484375e-01
2.502749860286712646e-01
2.485116273164749146e-01
2.455593645572662354e-01
2.450427412986755371e-01
2.459372282028198242e-01
2.412721365690231323e-01
2.383227795362472534e-01
2.368706762790679932e-01
2.354370355606079102e-01
2.345995157957077026e-01
2.332336008548736572e-01
2.316429018974304199e-01
2.304853945970535278e-01
2.292200475931167603e-01
2.282406985759735107e-01
2.273880392313003540e-01
2.269098013639450073e-01
2.232841849327087402e-01
2.238109409809112549e-01
2.214487940073013306e-01
2.208309918642044067e-01
2.196730673313140869e-01
2.192385643720626831e-01
2.179524749517440796e-01
2.177359163761138916e-01
2.172036319971084595e-01
2.168766260147094727e-01
2.163141071796417236e-01
2.154316902160644531e-01
2.140112817287445068e-01
2.148804664611816406e-01
2.143680751323699951e-01
2.132562845945358276e-01
2.129012048244476318e-01
2.118301987648010254e-01
2.117510735988616943e-01
2.104836106300354004e-01
2.106719017028808594e-01
2.098277062177658081e-01
2.092017084360122681e-01
2.096177637577056885e-01
2.086281329393386841e-01
2.083735167980194092e-01
2.072687596082687378e-01
2.085475921630859375e-01
2.088143527507781982e-01
2.074656784534454346e-01
2.064964473247528076e-01
2.067832499742507935e-01
2.060068994760513306e-01
2.062150985002517700e-01
2.056024670600891113e-01
2.065263241529464722e-01
2.063611000776290894e-01
2.050273418426513672e-01
2.054096460342407227e-01
2.059313207864761353e-01
2.056386768817901611e-01
2.044038027524948120e-01
2.053586989641189575e-01
2.041608095169067383e-01
2.042186558246612549e-01
2.051381170749664307e-01
2.049776613712310791e-01
2.045239657163619995e-01
2.039142251014709473e-01
2.033620327711105347e-01
2.037203609943389893e-01
2.032435089349746704e-01
2.031584084033966064e-01
2.051227837800979614e-01
2.030857801437377930e-01
2.030596882104873657e-01
2.032458782196044922e-01
