2.213863581418991089e-01
3.703939318656921387e-01
4.554621279239654541e-01
4.843105971813201904e-01
5.037500262260437012e-01
5.240378975868225098e-01
5.371666550636291504e-01
5.425530076026916504e-01
5.448560714721679688e-01
5.475530028343200684e-01
5.496515035629272461e-01
5.516287684440612793e-01
5.548257827758789062e-01
5.579242706298828125e-01
5.592197179794311523e-01
5.633409023284912109e-01
5.675984621047973633e-01
5.726666450500488281e-01
5.741590857505798340e-01
5.789772868156433105e-01
5.820075869560241699e-01
5.841439366340637207e-01
5.877121090888977051e-01
5.890530347824096680e-01
5.922045707702636719e-01
5.947803258895874023e-01
5.966136455535888672e-01
5.990151762962341309e-01
6.019621491432189941e-01
6.031363606452941895e-01
6.055757403373718262e-01
6.087727546691894531e-01
6.095606088638305664e-01
6.124848723411560059e-01
6.132727265357971191e-01
6.162727475166320801e-01
6.179242134094238281e-01
6.206363439559936523e-01
6.210908889770507812e-01
6.220909357070922852e-01
6.262575984001159668e-01
6.265681982040405273e-01
6.269924044609069824e-01
6.301515102386474609e-01
6.339166760444641113e-01
6.349621415138244629e-01
6.359545588493347168e-01
6.375378966331481934e-01
6.382197141647338867e-01
6.396818161010742188e-01
6.421666741371154785e-01
6.442424058914184570e-01
6.437196731567382812e-01
6.438257694244384766e-01
6.466818451881408691e-01
6.490454673767089844e-01
6.506363749504089355e-01
6.529318094253540039e-01
6.621439456939697266e-01
6.657196879386901855e-01
6.676742434501647949e-01
6.702348589897155762e-01
6.712272763252258301e-01
6.712045669555664062e-01
6.733333468437194824e-01
6.764469742774963379e-01
6.768484711647033691e-01
6.785757541656494141e-01
6.783863902091979980e-01
6.790454387664794922e-01
6.798484921455383301e-01
6.800833344459533691e-01
6.835984587669372559e-01
6.845227479934692383e-01
6.845378875732421875e-01
6.853863596916198730e-01
6.856439113616943359e-01
6.929621100425720215e-01
6.949166655540466309e-01
6.966893672943115234e-01
6.971136331558227539e-01
6.974469423294067383e-01
6.991212368011474609e-01
6.994696855545043945e-01
7.009848356246948242e-01
7.004696726799011230e-01
7.010530233383178711e-01
7.020378708839416504e-01
7.021287679672241211e-01
7.036742568016052246e-01
7.041590809822082520e-01
7.034015059471130371e-01
7.080075740814208984e-01
7.099166512489318848e-01
7.100605964660644531e-01
7.102575898170471191e-01
7.104924321174621582e-01
7.116287946701049805e-01
7.119621038436889648e-01
7.132651805877685547e-01
7.130984663963317871e-01
7.129318118095397949e-01
7.135833501815795898e-01
7.146666646003723145e-01
7.169848680496215820e-01
7.164090871810913086e-01
7.174469828605651855e-01
7.172726988792419434e-01
7.176893949508666992e-01
7.178787589073181152e-01
7.192272543907165527e-01
7.173787951469421387e-01
7.169924378395080566e-01
7.183636426925659180e-01
7.193257808685302734e-01
7.189924120903015137e-01
7.198787927627563477e-01
7.202802896499633789e-01
7.206212282180786133e-01
7.205151319503784180e-01
7.214090824127197266e-01
7.206742167472839355e-01
7.215530276298522949e-01
7.232045531272888184e-01
