3.036295652389526367e+00
2.330869197845458984e+00
2.027131557464599609e+00
1.873998761177062988e+00
1.782247066497802734e+00
1.710515618324279785e+00
1.657111406326293945e+00
1.625785112380981445e+00
1.602011322975158691e+00
1.583454012870788574e+00
1.569507241249084473e+00
1.557362556457519531e+00
1.547021389007568359e+00
1.536139369010925293e+00
1.527379631996154785e+00
1.517047882080078125e+00
1.505315423011779785e+00
1.494801878929138184e+00
1.484791755676269531e+00
1.475298047065734863e+00
1.467077732086181641e+00
1.459635019302368164e+00
1.453025460243225098e+00
1.446406602859497070e+00
1.440418004989624023e+00
1.434372186660766602e+00
1.428548574447631836e+00
1.424836039543151855e+00
1.418205499649047852e+00
1.414204597473144531e+00
1.411211729049682617e+00
1.406481027603149414e+00
1.403911828994750977e+00
1.396386742591857910e+00
1.393784046173095703e+00
1.390748620033264160e+00
1.384760618209838867e+00
1.380378484725952148e+00
1.379750132560729980e+00
1.377163529396057129e+00
1.370805621147155762e+00
1.370189547538757324e+00
1.368153333663940430e+00
1.362607002258300781e+00
1.360089302062988281e+00
1.356400966644287109e+00
1.353452086448669434e+00
1.354033231735229492e+00
1.350306510925292969e+00
1.347134470939636230e+00
1.343942642211914062e+00
1.339135169982910156e+00
1.339865922927856445e+00
1.338629722595214844e+00
1.333996772766113281e+00
1.331857085227966309e+00
1.329105615615844727e+00
1.327377557754516602e+00
1.300857424736022949e+00
1.292997717857360840e+00
1.285812735557556152e+00
1.283882260322570801e+00
1.280496716499328613e+00
1.279164314270019531e+00
1.273883461952209473e+00
1.271363496780395508e+00
1.268909215927124023e+00
1.266785979270935059e+00
1.265694022178649902e+00
1.264145612716674805e+00
1.263068914413452148e+00
1.260825753211975098e+00
1.259804129600524902e+00
1.255036234855651855e+00
1.254263520240783691e+00
1.252660989761352539e+00
1.250759363174438477e+00
1.234363555908203125e+00
1.229059100151062012e+00
1.226390480995178223e+00
1.223112225532531738e+00
1.223151087760925293e+00
1.220784783363342285e+00
1.219109773635864258e+00
1.217237234115600586e+00
1.216429114341735840e+00
1.216390252113342285e+00
1.212142109870910645e+00
1.212675333023071289e+00
1.211678504943847656e+00
1.210706353187561035e+00
1.208963990211486816e+00
1.199927926063537598e+00
1.196845173835754395e+00
1.195456385612487793e+00
1.194127559661865234e+00
1.193631649017333984e+00
1.191020965576171875e+00
1.191021084785461426e+00
1.190745592117309570e+00
1.188810110092163086e+00
1.189683675765991211e+00
1.188567638397216797e+00
1.183285951614379883e+00
1.180404663085937500e+00
1.180374979972839355e+00
1.180696249008178711e+00
1.179450392723083496e+00
1.178462505340576172e+00
1.177474379539489746e+00
1.177306294441223145e+00
1.178775072097778320e+00
1.177453756332397461e+00
1.176013946533203125e+00
1.176658391952514648e+00
1.175135850906372070e+00
1.173502922058105469e+00
1.173166751861572266e+00
1.171970725059509277e+00
1.171221017837524414e+00
1.170326232910156250e+00
1.170978307723999023e+00
1.168903350830078125e+00
1.168058872222900391e+00
