3.332272768020629883e-01
4.316742420196533203e-01
4.707424342632293701e-01
4.886969625949859619e-01
5.140530467033386230e-01
5.322575569152832031e-01
5.367727279663085938e-01
5.409015417098999023e-01
5.449091196060180664e-01
5.484166741371154785e-01
5.490833520889282227e-01
5.519772768020629883e-01
5.535075664520263672e-01
5.566893815994262695e-01
5.599924325942993164e-01
5.618333220481872559e-01
5.625379085540771484e-01
5.656818151473999023e-01
5.682878494262695312e-01
5.681893825531005859e-01
5.729545354843139648e-01
5.711894035339355469e-01
5.734394192695617676e-01
5.748333334922790527e-01
5.783787965774536133e-01
5.800227522850036621e-01
5.813788175582885742e-01
5.852424502372741699e-01
5.865908861160278320e-01
5.865606069564819336e-01
5.889015197753906250e-01
5.888409018516540527e-01
5.921818017959594727e-01
5.894848704338073730e-01
5.927651524543762207e-01
5.951818227767944336e-01
5.969015359878540039e-01
5.958939194679260254e-01
5.980984568595886230e-01
5.981894135475158691e-01
6.001136302947998047e-01
6.002197265625000000e-01
5.997197031974792480e-01
6.014772653579711914e-01
6.012197136878967285e-01
6.025530099868774414e-01
6.050454378128051758e-01
6.039242148399353027e-01
6.050757765769958496e-01
6.083105802536010742e-01
6.069469451904296875e-01
6.075757741928100586e-01
6.094318032264709473e-01
6.096590757369995117e-01
6.215530037879943848e-01
6.258636116981506348e-01
6.281439661979675293e-01
6.301590800285339355e-01
6.304318308830261230e-01
6.322121024131774902e-01
6.360075473785400391e-01
6.334166526794433594e-01
6.354091167449951172e-01
6.361590623855590820e-01
6.368333101272583008e-01
6.358863711357116699e-01
6.377121210098266602e-01
6.393712162971496582e-01
6.398863792419433594e-01
6.405302882194519043e-01
6.412272453308105469e-01
6.511818170547485352e-01
6.548712253570556641e-01
6.546136140823364258e-01
6.570681929588317871e-01
6.592878699302673340e-01
6.592727303504943848e-01
6.601363420486450195e-01
6.593560576438903809e-01
6.605075597763061523e-01
6.637424230575561523e-01
6.619469523429870605e-01
6.643787622451782227e-01
6.659772992134094238e-01
6.669924259185791016e-01
6.681894063949584961e-01
6.669772863388061523e-01
6.686742305755615234e-01
6.711515188217163086e-01
6.706590652465820312e-01
6.710302829742431641e-01
6.686969399452209473e-01
6.713939309120178223e-01
6.729015111923217773e-01
6.722878813743591309e-01
6.742575764656066895e-01
6.755530238151550293e-01
6.747575998306274414e-01
6.752499938011169434e-01
6.752121448516845703e-01
6.768409013748168945e-01
6.833106279373168945e-01
6.834924221038818359e-01
6.870075464248657227e-01
6.885833144187927246e-01
6.871818304061889648e-01
6.905378699302673340e-01
6.913333535194396973e-01
6.908333301544189453e-01
6.922348737716674805e-01
6.929696798324584961e-01
6.936894059181213379e-01
6.938939690589904785e-01
6.956742405891418457e-01
6.996515393257141113e-01
6.998106241226196289e-01
7.025378942489624023e-01
7.009772658348083496e-01
7.029772996902465820e-01
7.047120928764343262e-01
7.048788070678710938e-01
7.057121396064758301e-01
7.061742544174194336e-01
7.076969742774963379e-01
7.083106040954589844e-01
7.108408808708190918e-01
7.111363410949707031e-01
7.112424373626708984e-01
7.118787765502929688e-01
7.121136188507080078e-01
7.124015092849731445e-01
7.140227556228637695e-01
7.142423987388610840e-01
7.148030400276184082e-01
7.154924273490905762e-01
7.157045602798461914e-01
7.156969904899597168e-01
7.167651653289794922e-01
7.174772620201110840e-01
7.176514863967895508e-01
7.171288132667541504e-01
7.174090743064880371e-01
7.178333401679992676e-01
7.179545164108276367e-01
7.191514968872070312e-01
7.186893820762634277e-01
7.200984954833984375e-01
7.201060652732849121e-01
7.196288108825683594e-01
7.192651629447937012e-01
7.206590771675109863e-01
7.194393873214721680e-01
7.207424044609069824e-01
7.204242348670959473e-01
7.208181619644165039e-01
7.202802896499633789e-01
7.216666936874389648e-01
7.211969494819641113e-01
7.220530509948730469e-01
7.211742401123046875e-01
7.216969728469848633e-01
7.225151658058166504e-01
7.225303053855895996e-01
7.210984826087951660e-01
7.213636636734008789e-01
7.223181724548339844e-01
7.210075855255126953e-01
7.217121124267578125e-01
7.227954268455505371e-01
7.202802896499633789e-01
7.222045660018920898e-01
7.230151295661926270e-01
7.223333120346069336e-01
7.213408946990966797e-01
7.222803235054016113e-01
7.231439352035522461e-01
7.213863730430603027e-01
7.225833535194396973e-01
7.227651476860046387e-01
7.228030562400817871e-01
7.222272753715515137e-01
