1.964863777160644531e+00
1.611072540283203125e+00
1.477084159851074219e+00
1.413036465644836426e+00
1.370539307594299316e+00
1.323908209800720215e+00
1.306487321853637695e+00
1.294128537178039551e+00
1.281139850616455078e+00
1.269238471984863281e+00
1.272471666336059570e+00
1.260598540306091309e+00
1.253343462944030762e+00
1.249228477478027344e+00
1.238497734069824219e+00
1.234374403953552246e+00
1.231964826583862305e+00
1.228409647941589355e+00
1.217760086059570312e+00
1.218076825141906738e+00
1.202762007713317871e+00
1.209764719009399414e+00
1.203431010246276855e+00
1.196955084800720215e+00
1.187904000282287598e+00
1.177211761474609375e+00
1.173123478889465332e+00
1.161363005638122559e+00
1.156462550163269043e+00
1.152242898941040039e+00
1.144444584846496582e+00
1.146256446838378906e+00
1.135428547859191895e+00
1.141280770301818848e+00
1.132844924926757812e+00
1.123307347297668457e+00
1.124299168586730957e+00
1.120237946510314941e+00
1.109421730041503906e+00
1.116829156875610352e+00
1.109595775604248047e+00
1.104290485382080078e+00
1.109318614006042480e+00
1.105746150016784668e+00
1.104545831680297852e+00
1.097666144371032715e+00
1.095158219337463379e+00
1.102221369743347168e+00
1.095266222953796387e+00
1.084815025329589844e+00
1.091265797615051270e+00
1.090802073478698730e+00
1.081449031829833984e+00
1.078032732009887695e+00
1.036137938499450684e+00
1.019624829292297363e+00
1.010641098022460938e+00
1.004908323287963867e+00
9.980888962745666504e-01
9.953383207321166992e-01
9.883342981338500977e-01
9.916239380836486816e-01
9.886769056320190430e-01
9.866748452186584473e-01
9.876397848129272461e-01
9.912042617797851562e-01
9.807574152946472168e-01
9.793068766593933105e-01
9.776063561439514160e-01
9.756304025650024414e-01
9.732822775840759277e-01
9.409413933753967285e-01
9.257298111915588379e-01
9.238355755805969238e-01
9.175751209259033203e-01
9.092841148376464844e-01
9.066030383110046387e-01
9.046638011932373047e-01
9.076503515243530273e-01
9.014698266983032227e-01
8.975782394409179688e-01
8.967607617378234863e-01
8.916133046150207520e-01
8.877474069595336914e-01
8.867608904838562012e-01
8.824718594551086426e-01
8.861501812934875488e-01
8.829583525657653809e-01
8.746824860572814941e-01
8.731307983398437500e-01
8.761922121047973633e-01
8.788304328918457031e-01
8.721041083335876465e-01
8.685445189476013184e-01
8.724451065063476562e-01
8.710297346115112305e-01
8.648322224617004395e-01
8.646437525749206543e-01
8.634387850761413574e-01
8.676591515541076660e-01
8.635568022727966309e-01
8.441867232322692871e-01
8.395948410034179688e-01
8.309530615806579590e-01
8.273423314094543457e-01
8.268625140190124512e-01
8.221198916435241699e-01
8.156054615974426270e-01
8.166305422782897949e-01
8.141404390335083008e-01
8.125228881835937500e-01
8.054746389389038086e-01
8.072928190231323242e-01
8.036348223686218262e-01
7.938408255577087402e-01
7.881036996841430664e-01
7.822529673576354980e-01
7.813339829444885254e-01
7.805501222610473633e-01
7.734584808349609375e-01
7.752561569213867188e-01
7.718628644943237305e-01
7.722020745277404785e-01
7.655307650566101074e-01
7.612808346748352051e-01
7.564012408256530762e-01
7.569584846496582031e-01
7.529748082160949707e-01
7.514885663986206055e-01
7.503839135169982910e-01
7.489608526229858398e-01
7.453792691230773926e-01
7.463064193725585938e-01
7.460451722145080566e-01
7.422986626625061035e-01
7.410624623298645020e-01
7.403343915939331055e-01
7.395440936088562012e-01
7.371540665626525879e-01
7.355729937553405762e-01
7.357317805290222168e-01
7.343119382858276367e-01
7.320166826248168945e-01
7.309899330139160156e-01
7.303636670112609863e-01
7.299033403396606445e-01
7.281946539878845215e-01
7.279715538024902344e-01
7.274082303047180176e-01
7.264892458915710449e-01
7.264642119407653809e-01
7.253478765487670898e-01
7.247350811958312988e-01
7.244530916213989258e-01
7.235787510871887207e-01
7.238413691520690918e-01
7.231477499008178711e-01
7.224793434143066406e-01
7.226378917694091797e-01
7.224172353744506836e-01
7.217695116996765137e-01
7.214205861091613770e-01
7.208165526390075684e-01
7.210695147514343262e-01
7.208561897277832031e-01
7.198503613471984863e-01
7.200555801391601562e-01
7.212861776351928711e-01
7.201681137084960938e-01
7.195777297019958496e-01
7.194284200668334961e-01
7.189813852310180664e-01
7.196376919746398926e-01
7.194762229919433594e-01
7.191463112831115723e-01
7.185529470443725586e-01
7.186440229415893555e-01
7.187711596488952637e-01
7.183793187141418457e-01
7.183685898780822754e-01
7.182484865188598633e-01
