2.808437645435333252e-01
3.197812438011169434e-01
3.460937440395355225e-01
3.993593752384185791e-01
4.442343711853027344e-01
4.707968831062316895e-01
4.982031285762786865e-01
5.091406106948852539e-01
5.128594040870666504e-01
5.189062356948852539e-01
5.152812600135803223e-01
5.205937623977661133e-01
5.208437442779541016e-01
5.228906273841857910e-01
5.238437652587890625e-01
5.237968564033508301e-01
5.274531245231628418e-01
5.273593664169311523e-01
5.261406302452087402e-01
5.298905968666076660e-01
5.313437581062316895e-01
5.341718792915344238e-01
5.342968702316284180e-01
5.374843478202819824e-01
5.384062528610229492e-01
5.379218459129333496e-01
5.438593626022338867e-01
5.475000143051147461e-01
5.413593649864196777e-01
5.530468821525573730e-01
5.504062771797180176e-01
5.500937700271606445e-01
5.576719045639038086e-01
5.580624938011169434e-01
5.529843568801879883e-01
5.619218945503234863e-01
5.589062571525573730e-01
5.570312738418579102e-01
5.623124837875366211e-01
5.634999871253967285e-01
5.644218921661376953e-01
5.720624923706054688e-01
5.773593783378601074e-01
5.765156149864196777e-01
5.797187685966491699e-01
5.821093916893005371e-01
5.805624723434448242e-01
5.816562771797180176e-01
5.830468535423278809e-01
5.827500224113464355e-01
5.859843492507934570e-01
5.866093635559082031e-01
5.897656083106994629e-01
5.902656316757202148e-01
5.875156521797180176e-01
5.906093716621398926e-01
5.948281288146972656e-01
5.932343602180480957e-01
5.932812690734863281e-01
5.935312509536743164e-01
5.961874723434448242e-01
5.933281183242797852e-01
5.952812433242797852e-01
5.934062600135803223e-01
5.962812304496765137e-01
5.987187623977661133e-01
5.943750143051147461e-01
5.999687314033508301e-01
6.017812490463256836e-01
5.999843478202819824e-01
6.012499928474426270e-01
6.052187681198120117e-01
6.057656407356262207e-01
6.068124771118164062e-01
6.072968840599060059e-01
6.069687604904174805e-01
6.092343926429748535e-01
6.095937490463256836e-01
6.078125238418579102e-01
6.111406087875366211e-01
6.084374785423278809e-01
6.119062304496765137e-01
6.107968688011169434e-01
6.103749871253967285e-01
6.111249923706054688e-01
6.103125214576721191e-01
6.090468764305114746e-01
6.127969026565551758e-01
6.145625114440917969e-01
6.146093606948852539e-01
6.133280992507934570e-01
6.171562671661376953e-01
6.155937314033508301e-01
6.173124909400939941e-01
6.173437237739562988e-01
6.185156106948852539e-01
6.201562285423278809e-01
