1.631324648857116699e+00
1.447273850440979004e+00
1.392911434173583984e+00
1.238260626792907715e+00
1.154220342636108398e+00
1.112245082855224609e+00
1.060420036315917969e+00
1.028464078903198242e+00
1.017335653305053711e+00
1.002379894256591797e+00
1.010564208030700684e+00
9.931584000587463379e-01
9.916161894798278809e-01
9.874621629714965820e-01
9.859427809715270996e-01
9.842172861099243164e-01
9.752988815307617188e-01
9.722421765327453613e-01
9.786931276321411133e-01
9.706095457077026367e-01
9.625289440155029297e-01
9.625205397605895996e-01
9.538883566856384277e-01
9.544336795806884766e-01
9.568691849708557129e-01
9.562799930572509766e-01
9.509814977645874023e-01
9.477720856666564941e-01
9.598389267921447754e-01
9.359114170074462891e-01
9.484766721725463867e-01
9.511839151382446289e-01
9.319219589233398438e-01
9.254955649375915527e-01
9.504177570343017578e-01
9.290288686752319336e-01
9.289723038673400879e-01
9.363850355148315430e-01
9.202566742897033691e-01
9.260362982749938965e-01
9.199092984199523926e-01
8.966929912567138672e-01
8.884771466255187988e-01
8.924710154533386230e-01
8.877886533737182617e-01
8.809401988983154297e-01
8.838419914245605469e-01
8.821223974227905273e-01
8.794940710067749023e-01
8.851758241653442383e-01
8.770155310630798340e-01
8.744558691978454590e-01
8.700462579727172852e-01
8.673949241638183594e-01
8.761041760444641113e-01
8.692941069602966309e-01
8.605361580848693848e-01
8.672700524330139160e-01
8.684613704681396484e-01
8.636304140090942383e-01
8.621333241462707520e-01
8.639702796936035156e-01
8.622362613677978516e-01
8.704147934913635254e-01
8.615209460258483887e-01
8.549295663833618164e-01
8.655598163604736328e-01
8.608257770538330078e-01
8.552288413047790527e-01
8.605713248252868652e-01
8.547182083129882812e-01
8.486961126327514648e-01
8.459495902061462402e-01
8.457167148590087891e-01
8.416413664817810059e-01
8.418207168579101562e-01
8.402459025382995605e-01
8.373807668685913086e-01
8.425716757774353027e-01
8.376246690750122070e-01
8.440548777580261230e-01
8.345249295234680176e-01
8.352797031402587891e-01
8.401436209678649902e-01
8.409224748611450195e-01
8.377467393875122070e-01
8.394475579261779785e-01
8.330779075622558594e-01
8.309129476547241211e-01
8.270912766456604004e-01
8.318406939506530762e-01
8.234741091728210449e-01
8.221194744110107422e-01
8.241804838180541992e-01
8.217178583145141602e-01
8.184640407562255859e-01
8.178594708442687988e-01
